1,777 Brockton Avenue,Abington,MA,2351
2,30 Memorial Drive,Avon,MA,2322
3,250 Hartford Avenue,Bellingham,MA,2019
4,700 Oak Street,Brockton,MA,2301
5,66-4 Parkhurst Rd,Chelmsford,MA,1824
6,591 Memorial Dr,Chicopee,MA,1020
7,55 Brooksby Village Way,Danvers,MA,1923
8,137 Teaticket Hwy,East Falmouth,MA,2536
9,42 Fairhaven Commons Way,Fairhaven,MA,2719
10,374 William S Canning Blvd,Fall River,MA,2721
11,121 Worcester Rd,Framingham,MA,1701
12,677 Timpany Blvd,Gardner,MA,1440
13,337 Russell St,Hadley,MA,1035
14,295 Plymouth Street,Halifax,MA,2338
15,1775 Washington St,Hanover,MA,2339
16,280 Washington Street,Hudson,MA,1749
17,20 Soojian Dr,Leicester,MA,1524
18,11 Jungle Road,Leominster,MA,1453
19,301 Massachusetts Ave,Lunenburg,MA,1462
20,780 Lynnway,Lynn,MA,1905
21,70 Pleasant Valley Street,Methuen,MA,1844
22,830 Curran Memorial Hwy,North Adams,MA,1247
23,1470 S Washington St,North Attleboro,MA,2760
24,506 State Road,North Dartmouth,MA,2747
25,742 Main Street,North Oxford,MA,1537
26,72 Main St,North Reading,MA,1864
27,200 Otis Street,Northborough,MA,1532
28,180 North King Street,Northhampton,MA,1060
29,555 East Main St,Orange,MA,1364
30,555 Hubbard Ave-Suite 12,Pittsfield,MA,1201
31,300 Colony Place,Plymouth,MA,2360
32,301 Falls Blvd,Quincy,MA,2169
33,36 Paramount Drive,Raynham,MA,2767
34,450 Highland Ave,Salem,MA,1970
35,1180 Fall River Avenue,Seekonk,MA,2771
36,1105 Boston Road,Springfield,MA,1119
37,100 Charlton Road,Sturbridge,MA,1566
38,262 Swansea Mall Dr,Swansea,MA,2777
39,333 Main Street,Tewksbury,MA,1876
40,550 Providence Hwy,Walpole,MA,2081
41,352 Palmer Road,Ware,MA,1082
42,3005 Cranberry Hwy Rt 6 28,Wareham,MA,2538
43,250 Rt 59,Airmont,NY,10901
44,141 Washington Ave Extension,Albany,NY,12205
45,13858 Rt 31 W,Albion,NY,14411
46,2055 Niagara Falls Blvd,Amherst,NY,14228
47,101 Sanford Farm Shpg Center,Amsterdam,NY,12010
48,297 Grant Avenue,Auburn,NY,13021
49,4133 Veterans Memorial Drive,Batavia,NY,14020
50,6265 Brockport Spencerport Rd,Brockport,NY,14420
51,5399 W Genesse St,Camillus,NY,13031
52,3191 County rd 10,Canandaigua,NY,14424
53,30 Catskill,Catskill,NY,12414
54,161 Centereach Mall,Centereach,NY,11720
55,3018 East Ave,Central Square,NY,13036
56,100 Thruway Plaza,Cheektowaga,NY,14225
57,8064 Brewerton Rd,Cicero,NY,13039
58,5033 Transit Road,Clarence,NY,14031
59,3949 Route 31,Clay,NY,13041
60,139 Merchant Place,Cobleskill,NY,12043
61,85 Crooked Hill Road,Commack,NY,11725
62,872 Route 13,Cortlandville,NY,13045
63,279 Troy Road,East Greenbush,NY,12061
64,2465 Hempstead Turnpike,East Meadow,NY,11554
65,6438 Basile Rowe,East Syracuse,NY,13057
66,25737 US Rt 11,Evans Mills,NY,13637
67,901 Route 110,Farmingdale,NY,11735
68,2400 Route 9,Fishkill,NY,12524
69,10401 Bennett Road,Fredonia,NY,14063
70,1818 State Route 3,Fulton,NY,13069
71,4300 Lakeville Road,Geneseo,NY,14454
72,990 Route 5 20,Geneva,NY,14456
73,311 RT 9W,Glenmont,NY,12077
74,200 Dutch Meadows Ln,Glenville,NY,12302
75,100 Elm Ridge Center Dr,Greece,NY,14626
76,1549 Rt 9,Halfmoon,NY,12065
77,5360 Southwestern Blvd,Hamburg,NY,14075
78,103 North Caroline St,Herkimer,NY,13350
79,1000 State Route 36,Hornell,NY,14843
80,1400 County Rd 64,Horseheads,NY,14845
81,135 Fairgrounds Memorial Pkwy,Ithaca,NY,14850
82,2 Gannett Dr,Johnson City,NY,13790
83,233 5th Ave Ext,Johnstown,NY,12095
84,601 Frank Stottile Blvd,Kingston,NY,12401
85,350 E Fairmount Ave,Lakewood,NY,14750
86,4975 Transit Rd,Lancaster,NY,14086
87,579 Troy-Schenectady Road,Latham,NY,12110
88,5783 So Transit Road,Lockport,NY,14094
89,7155 State Rt 12 S,Lowville,NY,13367
90,425 Route 31,Macedon,NY,14502
91,3222 State Rt 11,Malone,NY,12953
92,200 Sunrise Mall,Massapequa,NY,11758
93,43 Stephenville St,Massena,NY,13662
94,750 Middle Country Road,Middle Island,NY,11953
95,470 Route 211 East,Middletown,NY,10940
96,3133 E Main St,Mohegan Lake,NY,10547
97,288 Larkin,Monroe,NY,10950
98,41 Anawana Lake Road,Monticello,NY,12701
99,4765 Commercial Drive,New Hartford,NY,13413
100,1201 Rt 300,Newburgh,NY,12550
101,255 W Main St,Avon,CT,6001
102,120 Commercial Parkway,Branford,CT,6405
103,1400 Farmington Ave,Bristol,CT,6010
104,161 Berlin Road,Cromwell,CT,6416
105,67 Newton Rd,Danbury,CT,6810
106,656 New Haven Ave,Derby,CT,6418
107,69 Prospect Hill Road,East Windsor,CT,6088
108,150 Gold Star Hwy,Groton,CT,6340
109,900 Boston Post Road,Guilford,CT,6437
110,2300 Dixwell Ave,Hamden,CT,6514
111,495 Flatbush Ave,Hartford,CT,6106
112,180 River Rd,Lisbon,CT,6351
113,420 Buckland Hills Dr,Manchester,CT,6040
114,1365 Boston Post Road,Milford,CT,6460
115,1100 New Haven Road,Naugatuck,CT,6770
116,315 Foxon Blvd,New Haven,CT,6513
117,164 Danbury Rd,New Milford,CT,6776
118,3164 Berlin Turnpike,Newington,CT,6111
119,474 Boston Post Road,North Windham,CT,6256
120,650 Main Ave,Norwalk,CT,6851
121,680 Connecticut Avenue,Norwalk,CT,6854
122,220 Salem Turnpike,Norwich,CT,6360
123,655 Boston Post Rd,Old Saybrook,CT,6475
124,625 School Street,Putnam,CT,6260
125,80 Town Line Rd,Rocky Hill,CT,6067
126,465 Bridgeport Avenue,Shelton,CT,6484
127,235 Queen St,Southington,CT,6489
128,150 Barnum Avenue Cutoff,Stratford,CT,6614
129,970 Torringford Street,Torrington,CT,6790
130,844 No Colony Road,Wallingford,CT,6492
131,910 Wolcott St,Waterbury,CT,6705
132,155 Waterford Parkway No,Waterford,CT,6385
133,515 Sawmill Road,West Haven,CT,6516
134,2473 Hackworth Road,Adamsville,AL,35005
135,630 Coonial Promenade Pkwy,Alabaster,AL,35007
136,2643 Hwy 280 West,Alexander City,AL,35010
137,540 West Bypass,Andalusia,AL,36420
138,5560 Mcclellan Blvd,Anniston,AL,36206
139,1450 No Brindlee Mtn Pkwy,Arab,AL,35016
140,1011 US Hwy 72 East,Athens,AL,35611
141,973 Gilbert Ferry Road Se,Attalla,AL,35954
142,1717 South College Street,Auburn,AL,36830
143,701 Mcmeans Ave,Bay Minette,AL,36507
144,750 Academy Drive,Bessemer,AL,35022
145,312 Palisades Blvd,Birmingham,AL,35209
146,1600 Montclair Rd,Birmingham,AL,35210
147,5919 Trussville Crossings Pkwy,Birmingham,AL,35235
148,9248 Parkway East,Birmingham,AL,35206
149,1972 Hwy 431,Boaz,AL,35957
150,10675 Hwy 5,Brent,AL,35034
151,2041 Douglas Avenue,Brewton,AL,36426
152,5100 Hwy 31,Calera,AL,35040
153,1916 Center Point Rd,Center Point,AL,35215
154,1950 W Main St,Centre,AL,35960
155,16077 Highway 280,Chelsea,AL,35043
156,1415 7Th Street South,Clanton,AL,35045
157,626 Olive Street Sw,Cullman,AL,35055
158,27520 Hwy 98,Daphne,AL,36526
159,2800 Spring Avn SW,Decatur,AL,35603
160,969 Us Hwy 80 West,Demopolis,AL,36732
161,3300 South Oates Street,Dothan,AL,36301
162,4310 Montgomery Hwy,Dothan,AL,36303
163,600 Boll Weevil Circle,Enterprise,AL,36330
164,3176 South Eufaula Avenue,Eufaula,AL,36027
165,7100 Aaron Aronov Drive,Fairfield,AL,35064
166,10040 County Road 48,Fairhope,AL,36533
167,3186 Hwy 171 North,Fayette,AL,35555
168,3100 Hough Rd,Florence,AL,35630
169,2200 South Mckenzie St,Foley,AL,36535
170,2001 Glenn Bldv Sw,Fort Payne,AL,35968
171,340 East Meighan Blvd,Gadsden,AL,35903
172,890 Odum Road,Gardendale,AL,35071
173,1608 W Magnolia Ave,Geneva,AL,36340
174,501 Willow Lane,Greenville,AL,36037
175,170 Fort Morgan Road,Gulf Shores,AL,36542
176,11697 US Hwy 431,Guntersville,AL,35976
177,42417 Hwy 195,Haleyville,AL,35565
178,1706 Military Street South,Hamilton,AL,35570
179,1201 Hwy 31 NW,Hartselle,AL,35640
180,209 Lakeshore Parkway,Homewood,AL,35209
181,2780 John Hawkins Pkwy,Hoover,AL,35244
182,5335 Hwy 280 South,Hoover,AL,35242
183,1007 Red Farmer Drive,Hueytown,AL,35023
184,2900 S Mem PkwyDrake Ave,Huntsville,AL,35801
185,11610 Memorial Pkwy South,Huntsville,AL,35803
186,2200 Sparkman Drive,Huntsville,AL,35810
187,330 Sutton Rd,Huntsville,AL,35763
188,6140A Univ Drive,Huntsville,AL,35806
189,4206 N College Ave,Jackson,AL,36545
190,1625 Pelham South,Jacksonville,AL,36265
191,1801 Hwy 78 East,Jasper,AL,35501
192,8551 Whitfield Ave,Leeds,AL,35094
193,8650 Madison Blvd,Madison,AL,35758
194,145 Kelley Blvd,Millbrook,AL,36054
195,1970 S University Blvd,Mobile,AL,36609
196,6350 Cottage Hill Road,Mobile,AL,36609
197,101 South Beltline Highway,Mobile,AL,36606
198,2500 Dawes Road,Mobile,AL,36695
199,5245 Rangeline Service Rd,Mobile,AL,36619
200,685 Schillinger Rd,Mobile,AL,36695
201,3371 S Alabama Ave,Monroeville,AL,36460
202,10710 Chantilly Pkwy,Montgomery,AL,36117
203,3801 Eastern Blvd,Montgomery,AL,36116
204,6495 Atlanta Hwy,Montgomery,AL,36117
205,851 Ann St,Montgomery,AL,36107
206,15445 Highway 24,Moulton,AL,35650
207,517 West Avalon Ave,Muscle Shoals,AL,35661
208,5710 Mcfarland Blvd,Northport,AL,35476
209,2453 2Nd Avenue East,Oneonta,AL,35121
210,2900 Pepperrell Pkwy,Opelika,AL,36801
211,92 Plaza Lane,Oxford,AL,36203
212,1537 Hwy 231 South,Ozark,AL,36360
213,2181 Pelham Pkwy,Pelham,AL,35124
214,165 Vaughan Ln,Pell City,AL,35125
215,3700 Hwy 280-431 N,Phenix City,AL,36867
216,1903 Cobbs Ford Rd,Prattville,AL,36066
217,4180 Us Hwy 431,Roanoke,AL,36274
218,13675 Hwy 43,Russellville,AL,35653
219,1095 Industrial Pkwy,Saraland,AL,36571
220,24833 Johnt Reidprkw,Scottsboro,AL,35768
221,1501 Hwy 14 East,Selma,AL,36703
222,7855 Moffett Rd,Semmes,AL,36575
223,150 Springville Station Blvd,Springville,AL,35146
224,690 Hwy 78,Sumiton,AL,35148
225,41301 US Hwy 280,Sylacauga,AL,35150
226,214 Haynes Street,Talladega,AL,35160
227,1300 Gilmer Ave,Tallassee,AL,36078
228,34301 Hwy 43,Thomasville,AL,36784
229,1420 Us 231 South,Troy,AL,36081
230,1501 Skyland Blvd E,Tuscaloosa,AL,35405
231,3501 20th Av,Valley,AL,36854
232,1300 Montgomery Highway,Vestavia Hills,AL,35216
233,4538 Us Hwy 231,Wetumpka,AL,36092
234,2575 Us Hwy 43,Winfield,AL,35594
235,777 Brockton Avenue,Abington,MA,2351
236,30 Memorial Drive,Avon,MA,2322
237,250 Hartford Avenue,Bellingham,MA,2019
238,700 Oak Street,Brockton,MA,2301
239,66-4 Parkhurst Rd,Chelmsford,MA,1824
240,591 Memorial Dr,Chicopee,MA,1020
241,55 Brooksby Village Way,Danvers,MA,1923
242,137 Teaticket Hwy,East Falmouth,MA,2536
243,42 Fairhaven Commons Way,Fairhaven,MA,2719
244,374 William S Canning Blvd,Fall River,MA,2721
245,121 Worcester Rd,Framingham,MA,1701
246,677 Timpany Blvd,Gardner,MA,1440
247,337 Russell St,Hadley,MA,1035
248,295 Plymouth Street,Halifax,MA,2338
249,1775 Washington St,Hanover,MA,2339
250,280 Washington Street,Hudson,MA,1749
251,20 Soojian Dr,Leicester,MA,1524
252,11 Jungle Road,Leominster,MA,1453
253,301 Massachusetts Ave,Lunenburg,MA,1462
254,780 Lynnway,Lynn,MA,1905
255,70 Pleasant Valley Street,Methuen,MA,1844
256,830 Curran Memorial Hwy,North Adams,MA,1247
257,1470 S Washington St,North Attleboro,MA,2760
258,506 State Road,North Dartmouth,MA,2747
259,742 Main Street,North Oxford,MA,1537
260,72 Main St,North Reading,MA,1864
261,200 Otis Street,Northborough,MA,1532
262,180 North King Street,Northhampton,MA,1060
263,555 East Main St,Orange,MA,1364
264,555 Hubbard Ave-Suite 12,Pittsfield,MA,1201
265,300 Colony Place,Plymouth,MA,2360
266,301 Falls Blvd,Quincy,MA,2169
267,36 Paramount Drive,Raynham,MA,2767
268,450 Highland Ave,Salem,MA,1970
269,1180 Fall River Avenue,Seekonk,MA,2771
270,1105 Boston Road,Springfield,MA,1119
271,100 Charlton Road,Sturbridge,MA,1566
272,262 Swansea Mall Dr,Swansea,MA,2777
273,333 Main Street,Tewksbury,MA,1876
274,550 Providence Hwy,Walpole,MA,2081
275,352 Palmer Road,Ware,MA,1082
276,3005 Cranberry Hwy Rt 6 28,Wareham,MA,2538
277,250 Rt 59,Airmont,NY,10901
278,141 Washington Ave Extension,Albany,NY,12205
279,13858 Rt 31 W,Albion,NY,14411
280,2055 Niagara Falls Blvd,Amherst,NY,14228
281,101 Sanford Farm Shpg Center,Amsterdam,NY,12010
282,297 Grant Avenue,Auburn,NY,13021
283,4133 Veterans Memorial Drive,Batavia,NY,14020
284,6265 Brockport Spencerport Rd,Brockport,NY,14420
285,5399 W Genesse St,Camillus,NY,13031
286,3191 County rd 10,Canandaigua,NY,14424
287,30 Catskill,Catskill,NY,12414
288,161 Centereach Mall,Centereach,NY,11720
289,3018 East Ave,Central Square,NY,13036
290,100 Thruway Plaza,Cheektowaga,NY,14225
291,8064 Brewerton Rd,Cicero,NY,13039
292,5033 Transit Road,Clarence,NY,14031
293,3949 Route 31,Clay,NY,13041
294,139 Merchant Place,Cobleskill,NY,12043
295,85 Crooked Hill Road,Commack,NY,11725
296,872 Route 13,Cortlandville,NY,13045
297,279 Troy Road,East Greenbush,NY,12061
298,2465 Hempstead Turnpike,East Meadow,NY,11554
299,6438 Basile Rowe,East Syracuse,NY,13057
300,25737 US Rt 11,Evans Mills,NY,13637
301,901 Route 110,Farmingdale,NY,11735
302,2400 Route 9,Fishkill,NY,12524
303,10401 Bennett Road,Fredonia,NY,14063
304,1818 State Route 3,Fulton,NY,13069
305,4300 Lakeville Road,Geneseo,NY,14454
306,990 Route 5 20,Geneva,NY,14456
307,311 RT 9W,Glenmont,NY,12077
308,200 Dutch Meadows Ln,Glenville,NY,12302
309,100 Elm Ridge Center Dr,Greece,NY,14626
310,1549 Rt 9,Halfmoon,NY,12065
311,5360 Southwestern Blvd,Hamburg,NY,14075
312,103 North Caroline St,Herkimer,NY,13350
313,1000 State Route 36,Hornell,NY,14843
314,1400 County Rd 64,Horseheads,NY,14845
315,135 Fairgrounds Memorial Pkwy,Ithaca,NY,14850
316,2 Gannett Dr,Johnson City,NY,13790
317,233 5th Ave Ext,Johnstown,NY,12095
318,601 Frank Stottile Blvd,Kingston,NY,12401
319,350 E Fairmount Ave,Lakewood,NY,14750
320,4975 Transit Rd,Lancaster,NY,14086
321,579 Troy-Schenectady Road,Latham,NY,12110
322,5783 So Transit Road,Lockport,NY,14094
323,7155 State Rt 12 S,Lowville,NY,13367
324,425 Route 31,Macedon,NY,14502
325,3222 State Rt 11,Malone,NY,12953
326,200 Sunrise Mall,Massapequa,NY,11758
327,43 Stephenville St,Massena,NY,13662
328,750 Middle Country Road,Middle Island,NY,11953
329,470 Route 211 East,Middletown,NY,10940
330,3133 E Main St,Mohegan Lake,NY,10547
331,288 Larkin,Monroe,NY,10950
332,41 Anawana Lake Road,Monticello,NY,12701
333,4765 Commercial Drive,New Hartford,NY,13413
334,1201 Rt 300,Newburgh,NY,12550
335,255 W Main St,Avon,CT,6001
336,120 Commercial Parkway,Branford,CT,6405
337,1400 Farmington Ave,Bristol,CT,6010
338,161 Berlin Road,Cromwell,CT,6416
339,67 Newton Rd,Danbury,CT,6810
340,656 New Haven Ave,Derby,CT,6418
341,69 Prospect Hill Road,East Windsor,CT,6088
342,150 Gold Star Hwy,Groton,CT,6340
343,900 Boston Post Road,Guilford,CT,6437
344,2300 Dixwell Ave,Hamden,CT,6514
345,495 Flatbush Ave,Hartford,CT,6106
346,180 River Rd,Lisbon,CT,6351
347,420 Buckland Hills Dr,Manchester,CT,6040
348,1365 Boston Post Road,Milford,CT,6460
349,1100 New Haven Road,Naugatuck,CT,6770
350,315 Foxon Blvd,New Haven,CT,6513
351,164 Danbury Rd,New Milford,CT,6776
352,3164 Berlin Turnpike,Newington,CT,6111
353,474 Boston Post Road,North Windham,CT,6256
354,650 Main Ave,Norwalk,CT,6851
355,680 Connecticut Avenue,Norwalk,CT,6854
356,220 Salem Turnpike,Norwich,CT,6360
357,655 Boston Post Rd,Old Saybrook,CT,6475
358,625 School Street,Putnam,CT,6260
359,80 Town Line Rd,Rocky Hill,CT,6067
360,465 Bridgeport Avenue,Shelton,CT,6484
361,235 Queen St,Southington,CT,6489
362,150 Barnum Avenue Cutoff,Stratford,CT,6614
363,970 Torringford Street,Torrington,CT,6790
364,844 No Colony Road,Wallingford,CT,6492
365,910 Wolcott St,Waterbury,CT,6705
366,155 Waterford Parkway No,Waterford,CT,6385
367,515 Sawmill Road,West Haven,CT,6516
368,2473 Hackworth Road,Adamsville,AL,35005
369,630 Coonial Promenade Pkwy,Alabaster,AL,35007
370,2643 Hwy 280 West,Alexander City,AL,35010
371,540 West Bypass,Andalusia,AL,36420
372,5560 Mcclellan Blvd,Anniston,AL,36206
373,1450 No Brindlee Mtn Pkwy,Arab,AL,35016
374,1011 US Hwy 72 East,Athens,AL,35611
375,973 Gilbert Ferry Road Se,Attalla,AL,35954
376,1717 South College Street,Auburn,AL,36830
377,701 Mcmeans Ave,Bay Minette,AL,36507
378,750 Academy Drive,Bessemer,AL,35022
379,312 Palisades Blvd,Birmingham,AL,35209
380,1600 Montclair Rd,Birmingham,AL,35210
381,5919 Trussville Crossings Pkwy,Birmingham,AL,35235
382,9248 Parkway East,Birmingham,AL,35206
383,1972 Hwy 431,Boaz,AL,35957
384,10675 Hwy 5,Brent,AL,35034
385,2041 Douglas Avenue,Brewton,AL,36426
386,5100 Hwy 31,Calera,AL,35040
387,1916 Center Point Rd,Center Point,AL,35215
388,1950 W Main St,Centre,AL,35960
389,16077 Highway 280,Chelsea,AL,35043
390,1415 7Th Street South,Clanton,AL,35045
391,626 Olive Street Sw,Cullman,AL,35055
392,27520 Hwy 98,Daphne,AL,36526
393,2800 Spring Avn SW,Decatur,AL,35603
394,969 Us Hwy 80 West,Demopolis,AL,36732
395,3300 South Oates Street,Dothan,AL,36301
396,4310 Montgomery Hwy,Dothan,AL,36303
397,600 Boll Weevil Circle,Enterprise,AL,36330
398,3176 South Eufaula Avenue,Eufaula,AL,36027
399,7100 Aaron Aronov Drive,Fairfield,AL,35064
400,10040 County Road 48,Fairhope,AL,36533
401,3186 Hwy 171 North,Fayette,AL,35555
402,3100 Hough Rd,Florence,AL,35630
403,2200 South Mckenzie St,Foley,AL,36535
404,2001 Glenn Bldv Sw,Fort Payne,AL,35968
405,340 East Meighan Blvd,Gadsden,AL,35903
406,890 Odum Road,Gardendale,AL,35071
407,1608 W Magnolia Ave,Geneva,AL,36340
408,501 Willow Lane,Greenville,AL,36037
409,170 Fort Morgan Road,Gulf Shores,AL,36542
410,11697 US Hwy 431,Guntersville,AL,35976
411,42417 Hwy 195,Haleyville,AL,35565
412,1706 Military Street South,Hamilton,AL,35570
413,1201 Hwy 31 NW,Hartselle,AL,35640
414,209 Lakeshore Parkway,Homewood,AL,35209
415,2780 John Hawkins Pkwy,Hoover,AL,35244
416,5335 Hwy 280 South,Hoover,AL,35242
417,1007 Red Farmer Drive,Hueytown,AL,35023
418,2900 S Mem PkwyDrake Ave,Huntsville,AL,35801
419,11610 Memorial Pkwy South,Huntsville,AL,35803
420,2200 Sparkman Drive,Huntsville,AL,35810
421,330 Sutton Rd,Huntsville,AL,35763
422,6140A Univ Drive,Huntsville,AL,35806
423,4206 N College Ave,Jackson,AL,36545
424,1625 Pelham South,Jacksonville,AL,36265
425,1801 Hwy 78 East,Jasper,AL,35501
426,8551 Whitfield Ave,Leeds,AL,35094
427,8650 Madison Blvd,Madison,AL,35758
428,145 Kelley Blvd,Millbrook,AL,36054
429,1970 S University Blvd,Mobile,AL,36609
430,6350 Cottage Hill Road,Mobile,AL,36609
431,101 South Beltline Highway,Mobile,AL,36606
432,2500 Dawes Road,Mobile,AL,36695
433,5245 Rangeline Service Rd,Mobile,AL,36619
434,685 Schillinger Rd,Mobile,AL,36695
435,3371 S Alabama Ave,Monroeville,AL,36460
436,10710 Chantilly Pkwy,Montgomery,AL,36117
437,3801 Eastern Blvd,Montgomery,AL,36116
438,6495 Atlanta Hwy,Montgomery,AL,36117
439,851 Ann St,Montgomery,AL,36107
440,15445 Highway 24,Moulton,AL,35650
441,517 West Avalon Ave,Muscle Shoals,AL,35661
442,5710 Mcfarland Blvd,Northport,AL,35476
443,2453 2Nd Avenue East,Oneonta,AL,35121
444,2900 Pepperrell Pkwy,Opelika,AL,36801
445,92 Plaza Lane,Oxford,AL,36203
446,1537 Hwy 231 South,Ozark,AL,36360
447,2181 Pelham Pkwy,Pelham,AL,35124
448,165 Vaughan Ln,Pell City,AL,35125
449,3700 Hwy 280-431 N,Phenix City,AL,36867
450,1903 Cobbs Ford Rd,Prattville,AL,36066
451,4180 Us Hwy 431,Roanoke,AL,36274
452,13675 Hwy 43,Russellville,AL,35653
453,1095 Industrial Pkwy,Saraland,AL,36571
454,24833 Johnt Reidprkw,Scottsboro,AL,35768
455,1501 Hwy 14 East,Selma,AL,36703
456,7855 Moffett Rd,Semmes,AL,36575
457,150 Springville Station Blvd,Springville,AL,35146
458,690 Hwy 78,Sumiton,AL,35148
459,41301 US Hwy 280,Sylacauga,AL,35150
460,214 Haynes Street,Talladega,AL,35160
461,1300 Gilmer Ave,Tallassee,AL,36078
462,34301 Hwy 43,Thomasville,AL,36784
463,1420 Us 231 South,Troy,AL,36081
464,1501 Skyland Blvd E,Tuscaloosa,AL,35405
465,3501 20th Av,Valley,AL,36854
466,1300 Montgomery Highway,Vestavia Hills,AL,35216
467,4538 Us Hwy 231,Wetumpka,AL,36092
468,2575 Us Hwy 43,Winfield,AL,35594
469,777 Brockton Avenue,Abington,MA,2351
470,30 Memorial Drive,Avon,MA,2322
471,250 Hartford Avenue,Bellingham,MA,2019
472,700 Oak Street,Brockton,MA,2301
473,66-4 Parkhurst Rd,Chelmsford,MA,1824
474,591 Memorial Dr,Chicopee,MA,1020
475,55 Brooksby Village Way,Danvers,MA,1923
476,137 Teaticket Hwy,East Falmouth,MA,2536
477,42 Fairhaven Commons Way,Fairhaven,MA,2719
478,374 William S Canning Blvd,Fall River,MA,2721
479,121 Worcester Rd,Framingham,MA,1701
480,677 Timpany Blvd,Gardner,MA,1440
481,337 Russell St,Hadley,MA,1035
482,295 Plymouth Street,Halifax,MA,2338
483,1775 Washington St,Hanover,MA,2339
484,280 Washington Street,Hudson,MA,1749
485,20 Soojian Dr,Leicester,MA,1524
486,11 Jungle Road,Leominster,MA,1453
487,301 Massachusetts Ave,Lunenburg,MA,1462
488,780 Lynnway,Lynn,MA,1905
489,70 Pleasant Valley Street,Methuen,MA,1844
490,830 Curran Memorial Hwy,North Adams,MA,1247
491,1470 S Washington St,North Attleboro,MA,2760
492,506 State Road,North Dartmouth,MA,2747
493,742 Main Street,North Oxford,MA,1537
494,72 Main St,North Reading,MA,1864
495,200 Otis Street,Northborough,MA,1532
496,180 North King Street,Northhampton,MA,1060
497,555 East Main St,Orange,MA,1364
498,555 Hubbard Ave-Suite 12,Pittsfield,MA,1201
499,300 Colony Place,Plymouth,MA,2360
500,301 Falls Blvd,Quincy,MA,2169
501,36 Paramount Drive,Raynham,MA,2767
502,450 Highland Ave,Salem,MA,1970
503,1180 Fall River Avenue,Seekonk,MA,2771
504,1105 Boston Road,Springfield,MA,1119
505,100 Charlton Road,Sturbridge,MA,1566
506,262 Swansea Mall Dr,Swansea,MA,2777
507,333 Main Street,Tewksbury,MA,1876
508,550 Providence Hwy,Walpole,MA,2081
509,352 Palmer Road,Ware,MA,1082
510,3005 Cranberry Hwy Rt 6 28,Wareham,MA,2538
511,250 Rt 59,Airmont,NY,10901
512,141 Washington Ave Extension,Albany,NY,12205
513,13858 Rt 31 W,Albion,NY,14411
514,2055 Niagara Falls Blvd,Amherst,NY,14228
515,101 Sanford Farm Shpg Center,Amsterdam,NY,12010
516,297 Grant Avenue,Auburn,NY,13021
517,4133 Veterans Memorial Drive,Batavia,NY,14020
518,6265 Brockport Spencerport Rd,Brockport,NY,14420
519,5399 W Genesse St,Camillus,NY,13031
520,3191 County rd 10,Canandaigua,NY,14424
521,30 Catskill,Catskill,NY,12414
522,161 Centereach Mall,Centereach,NY,11720
523,3018 East Ave,Central Square,NY,13036
524,100 Thruway Plaza,Cheektowaga,NY,14225
525,8064 Brewerton Rd,Cicero,NY,13039
526,5033 Transit Road,Clarence,NY,14031
527,3949 Route 31,Clay,NY,13041
528,139 Merchant Place,Cobleskill,NY,12043
529,85 Crooked Hill Road,Commack,NY,11725
530,872 Route 13,Cortlandville,NY,13045
531,279 Troy Road,East Greenbush,NY,12061
532,2465 Hempstead Turnpike,East Meadow,NY,11554
533,6438 Basile Rowe,East Syracuse,NY,13057
534,25737 US Rt 11,Evans Mills,NY,13637
535,901 Route 110,Farmingdale,NY,11735
536,2400 Route 9,Fishkill,NY,12524
537,10401 Bennett Road,Fredonia,NY,14063
538,1818 State Route 3,Fulton,NY,13069
539,4300 Lakeville Road,Geneseo,NY,14454
540,990 Route 5 20,Geneva,NY,14456
541,311 RT 9W,Glenmont,NY,12077
542,200 Dutch Meadows Ln,Glenville,NY,12302
543,100 Elm Ridge Center Dr,Greece,NY,14626
544,1549 Rt 9,Halfmoon,NY,12065
545,5360 Southwestern Blvd,Hamburg,NY,14075
546,103 North Caroline St,Herkimer,NY,13350
547,1000 State Route 36,Hornell,NY,14843
548,1400 County Rd 64,Horseheads,NY,14845
549,135 Fairgrounds Memorial Pkwy,Ithaca,NY,14850
550,2 Gannett Dr,Johnson City,NY,13790
551,233 5th Ave Ext,Johnstown,NY,12095
552,601 Frank Stottile Blvd,Kingston,NY,12401
553,350 E Fairmount Ave,Lakewood,NY,14750
554,4975 Transit Rd,Lancaster,NY,14086
555,579 Troy-Schenectady Road,Latham,NY,12110
556,5783 So Transit Road,Lockport,NY,14094
557,7155 State Rt 12 S,Lowville,NY,13367
558,425 Route 31,Macedon,NY,14502
559,3222 State Rt 11,Malone,NY,12953
560,200 Sunrise Mall,Massapequa,NY,11758
561,43 Stephenville St,Massena,NY,13662
562,750 Middle Country Road,Middle Island,NY,11953
563,470 Route 211 East,Middletown,NY,10940
564,3133 E Main St,Mohegan Lake,NY,10547
565,288 Larkin,Monroe,NY,10950
566,41 Anawana Lake Road,Monticello,NY,12701
567,4765 Commercial Drive,New Hartford,NY,13413
568,1201 Rt 300,Newburgh,NY,12550
569,255 W Main St,Avon,CT,6001
570,120 Commercial Parkway,Branford,CT,6405
571,1400 Farmington Ave,Bristol,CT,6010
572,161 Berlin Road,Cromwell,CT,6416
573,67 Newton Rd,Danbury,CT,6810
574,656 New Haven Ave,Derby,CT,6418
575,69 Prospect Hill Road,East Windsor,CT,6088
576,150 Gold Star Hwy,Groton,CT,6340
577,900 Boston Post Road,Guilford,CT,6437
578,2300 Dixwell Ave,Hamden,CT,6514
579,495 Flatbush Ave,Hartford,CT,6106
580,180 River Rd,Lisbon,CT,6351
581,420 Buckland Hills Dr,Manchester,CT,6040
582,1365 Boston Post Road,Milford,CT,6460
583,1100 New Haven Road,Naugatuck,CT,6770
584,315 Foxon Blvd,New Haven,CT,6513
585,164 Danbury Rd,New Milford,CT,6776
586,3164 Berlin Turnpike,Newington,CT,6111
587,474 Boston Post Road,North Windham,CT,6256
588,650 Main Ave,Norwalk,CT,6851
589,680 Connecticut Avenue,Norwalk,CT,6854
590,220 Salem Turnpike,Norwich,CT,6360
591,655 Boston Post Rd,Old Saybrook,CT,6475
592,625 School Street,Putnam,CT,6260
593,80 Town Line Rd,Rocky Hill,CT,6067
594,465 Bridgeport Avenue,Shelton,CT,6484
595,235 Queen St,Southington,CT,6489
596,150 Barnum Avenue Cutoff,Stratford,CT,6614
597,970 Torringford Street,Torrington,CT,6790
598,844 No Colony Road,Wallingford,CT,6492
599,910 Wolcott St,Waterbury,CT,6705
600,155 Waterford Parkway No,Waterford,CT,6385
601,515 Sawmill Road,West Haven,CT,6516
602,2473 Hackworth Road,Adamsville,AL,35005
603,630 Coonial Promenade Pkwy,Alabaster,AL,35007
604,2643 Hwy 280 West,Alexander City,AL,35010
605,540 West Bypass,Andalusia,AL,36420
606,5560 Mcclellan Blvd,Anniston,AL,36206
607,1450 No Brindlee Mtn Pkwy,Arab,AL,35016
608,1011 US Hwy 72 East,Athens,AL,35611
609,973 Gilbert Ferry Road Se,Attalla,AL,35954
610,1717 South College Street,Auburn,AL,36830
611,701 Mcmeans Ave,Bay Minette,AL,36507
612,750 Academy Drive,Bessemer,AL,35022
613,312 Palisades Blvd,Birmingham,AL,35209
614,1600 Montclair Rd,Birmingham,AL,35210
615,5919 Trussville Crossings Pkwy,Birmingham,AL,35235
616,9248 Parkway East,Birmingham,AL,35206
617,1972 Hwy 431,Boaz,AL,35957
618,10675 Hwy 5,Brent,AL,35034
619,2041 Douglas Avenue,Brewton,AL,36426
620,5100 Hwy 31,Calera,AL,35040
621,1916 Center Point Rd,Center Point,AL,35215
622,1950 W Main St,Centre,AL,35960
623,16077 Highway 280,Chelsea,AL,35043
624,1415 7Th Street South,Clanton,AL,35045
625,626 Olive Street Sw,Cullman,AL,35055
626,27520 Hwy 98,Daphne,AL,36526
627,2800 Spring Avn SW,Decatur,AL,35603
628,969 Us Hwy 80 West,Demopolis,AL,36732
629,3300 South Oates Street,Dothan,AL,36301
630,4310 Montgomery Hwy,Dothan,AL,36303
631,600 Boll Weevil Circle,Enterprise,AL,36330
632,3176 South Eufaula Avenue,Eufaula,AL,36027
633,7100 Aaron Aronov Drive,Fairfield,AL,35064
634,10040 County Road 48,Fairhope,AL,36533
635,3186 Hwy 171 North,Fayette,AL,35555
636,3100 Hough Rd,Florence,AL,35630
637,2200 South Mckenzie St,Foley,AL,36535
638,2001 Glenn Bldv Sw,Fort Payne,AL,35968
639,340 East Meighan Blvd,Gadsden,AL,35903
640,890 Odum Road,Gardendale,AL,35071
641,1608 W Magnolia Ave,Geneva,AL,36340
642,501 Willow Lane,Greenville,AL,36037
643,170 Fort Morgan Road,Gulf Shores,AL,36542
644,11697 US Hwy 431,Guntersville,AL,35976
645,42417 Hwy 195,Haleyville,AL,35565
646,1706 Military Street South,Hamilton,AL,35570
647,1201 Hwy 31 NW,Hartselle,AL,35640
648,209 Lakeshore Parkway,Homewood,AL,35209
649,2780 John Hawkins Pkwy,Hoover,AL,35244
650,5335 Hwy 280 South,Hoover,AL,35242
651,1007 Red Farmer Drive,Hueytown,AL,35023
652,2900 S Mem PkwyDrake Ave,Huntsville,AL,35801
653,11610 Memorial Pkwy South,Huntsville,AL,35803
654,2200 Sparkman Drive,Huntsville,AL,35810
655,330 Sutton Rd,Huntsville,AL,35763
656,6140A Univ Drive,Huntsville,AL,35806
657,4206 N College Ave,Jackson,AL,36545
658,1625 Pelham South,Jacksonville,AL,36265
659,1801 Hwy 78 East,Jasper,AL,35501
660,8551 Whitfield Ave,Leeds,AL,35094
661,8650 Madison Blvd,Madison,AL,35758
662,145 Kelley Blvd,Millbrook,AL,36054
663,1970 S University Blvd,Mobile,AL,36609
664,6350 Cottage Hill Road,Mobile,AL,36609
665,101 South Beltline Highway,Mobile,AL,36606
666,2500 Dawes Road,Mobile,AL,36695
667,5245 Rangeline Service Rd,Mobile,AL,36619
668,685 Schillinger Rd,Mobile,AL,36695
669,3371 S Alabama Ave,Monroeville,AL,36460
670,10710 Chantilly Pkwy,Montgomery,AL,36117
671,3801 Eastern Blvd,Montgomery,AL,36116
672,6495 Atlanta Hwy,Montgomery,AL,36117
673,851 Ann St,Montgomery,AL,36107
674,15445 Highway 24,Moulton,AL,35650
675,517 West Avalon Ave,Muscle Shoals,AL,35661
676,5710 Mcfarland Blvd,Northport,AL,35476
677,2453 2Nd Avenue East,Oneonta,AL,35121
678,2900 Pepperrell Pkwy,Opelika,AL,36801
679,92 Plaza Lane,Oxford,AL,36203
680,1537 Hwy 231 South,Ozark,AL,36360
681,2181 Pelham Pkwy,Pelham,AL,35124
682,165 Vaughan Ln,Pell City,AL,35125
683,3700 Hwy 280-431 N,Phenix City,AL,36867
684,1903 Cobbs Ford Rd,Prattville,AL,36066
685,4180 Us Hwy 431,Roanoke,AL,36274
686,13675 Hwy 43,Russellville,AL,35653
687,1095 Industrial Pkwy,Saraland,AL,36571
688,24833 Johnt Reidprkw,Scottsboro,AL,35768
689,1501 Hwy 14 East,Selma,AL,36703
690,7855 Moffett Rd,Semmes,AL,36575
691,150 Springville Station Blvd,Springville,AL,35146
692,690 Hwy 78,Sumiton,AL,35148
693,41301 US Hwy 280,Sylacauga,AL,35150
694,214 Haynes Street,Talladega,AL,35160
695,1300 Gilmer Ave,Tallassee,AL,36078
696,34301 Hwy 43,Thomasville,AL,36784
697,1420 Us 231 South,Troy,AL,36081
698,1501 Skyland Blvd E,Tuscaloosa,AL,35405
699,3501 20th Av,Valley,AL,36854
700,1300 Montgomery Highway,Vestavia Hills,AL,35216
701,4538 Us Hwy 231,Wetumpka,AL,36092
702,2575 Us Hwy 43,Winfield,AL,35594
703,777 Brockton Avenue,Abington,MA,2351
704,30 Memorial Drive,Avon,MA,2322
705,250 Hartford Avenue,Bellingham,MA,2019
706,700 Oak Street,Brockton,MA,2301
707,66-4 Parkhurst Rd,Chelmsford,MA,1824
708,591 Memorial Dr,Chicopee,MA,1020
709,55 Brooksby Village Way,Danvers,MA,1923
710,137 Teaticket Hwy,East Falmouth,MA,2536
711,42 Fairhaven Commons Way,Fairhaven,MA,2719
712,374 William S Canning Blvd,Fall River,MA,2721
713,121 Worcester Rd,Framingham,MA,1701
714,677 Timpany Blvd,Gardner,MA,1440
715,337 Russell St,Hadley,MA,1035
716,295 Plymouth Street,Halifax,MA,2338
717,1775 Washington St,Hanover,MA,2339
718,280 Washington Street,Hudson,MA,1749
719,20 Soojian Dr,Leicester,MA,1524
720,11 Jungle Road,Leominster,MA,1453
721,301 Massachusetts Ave,Lunenburg,MA,1462
722,780 Lynnway,Lynn,MA,1905
723,70 Pleasant Valley Street,Methuen,MA,1844
724,830 Curran Memorial Hwy,North Adams,MA,1247
725,1470 S Washington St,North Attleboro,MA,2760
726,506 State Road,North Dartmouth,MA,2747
727,742 Main Street,North Oxford,MA,1537
728,72 Main St,North Reading,MA,1864
729,200 Otis Street,Northborough,MA,1532
730,180 North King Street,Northhampton,MA,1060
731,555 East Main St,Orange,MA,1364
732,555 Hubbard Ave-Suite 12,Pittsfield,MA,1201
733,300 Colony Place,Plymouth,MA,2360
734,301 Falls Blvd,Quincy,MA,2169
735,36 Paramount Drive,Raynham,MA,2767
736,450 Highland Ave,Salem,MA,1970
737,1180 Fall River Avenue,Seekonk,MA,2771
738,1105 Boston Road,Springfield,MA,1119
739,100 Charlton Road,Sturbridge,MA,1566
740,262 Swansea Mall Dr,Swansea,MA,2777
741,333 Main Street,Tewksbury,MA,1876
742,550 Providence Hwy,Walpole,MA,2081
743,352 Palmer Road,Ware,MA,1082
744,3005 Cranberry Hwy Rt 6 28,Wareham,MA,2538
745,250 Rt 59,Airmont,NY,10901
746,141 Washington Ave Extension,Albany,NY,12205
747,13858 Rt 31 W,Albion,NY,14411
748,2055 Niagara Falls Blvd,Amherst,NY,14228
749,101 Sanford Farm Shpg Center,Amsterdam,NY,12010
750,297 Grant Avenue,Auburn,NY,13021
751,4133 Veterans Memorial Drive,Batavia,NY,14020
752,6265 Brockport Spencerport Rd,Brockport,NY,14420
753,5399 W Genesse St,Camillus,NY,13031
754,3191 County rd 10,Canandaigua,NY,14424
755,30 Catskill,Catskill,NY,12414
756,161 Centereach Mall,Centereach,NY,11720
757,3018 East Ave,Central Square,NY,13036
758,100 Thruway Plaza,Cheektowaga,NY,14225
759,8064 Brewerton Rd,Cicero,NY,13039
760,5033 Transit Road,Clarence,NY,14031
761,3949 Route 31,Clay,NY,13041
762,139 Merchant Place,Cobleskill,NY,12043
763,85 Crooked Hill Road,Commack,NY,11725
764,872 Route 13,Cortlandville,NY,13045
765,279 Troy Road,East Greenbush,NY,12061
766,2465 Hempstead Turnpike,East Meadow,NY,11554
767,6438 Basile Rowe,East Syracuse,NY,13057
768,25737 US Rt 11,Evans Mills,NY,13637
769,901 Route 110,Farmingdale,NY,11735
770,2400 Route 9,Fishkill,NY,12524
771,10401 Bennett Road,Fredonia,NY,14063
772,1818 State Route 3,Fulton,NY,13069
773,4300 Lakeville Road,Geneseo,NY,14454
774,990 Route 5 20,Geneva,NY,14456
775,311 RT 9W,Glenmont,NY,12077
776,200 Dutch Meadows Ln,Glenville,NY,12302
777,100 Elm Ridge Center Dr,Greece,NY,14626
778,1549 Rt 9,Halfmoon,NY,12065
779,5360 Southwestern Blvd,Hamburg,NY,14075
780,103 North Caroline St,Herkimer,NY,13350
781,1000 State Route 36,Hornell,NY,14843
782,1400 County Rd 64,Horseheads,NY,14845
783,135 Fairgrounds Memorial Pkwy,Ithaca,NY,14850
784,2 Gannett Dr,Johnson City,NY,13790
785,233 5th Ave Ext,Johnstown,NY,12095
786,601 Frank Stottile Blvd,Kingston,NY,12401
787,350 E Fairmount Ave,Lakewood,NY,14750
788,4975 Transit Rd,Lancaster,NY,14086
789,579 Troy-Schenectady Road,Latham,NY,12110
790,5783 So Transit Road,Lockport,NY,14094
791,7155 State Rt 12 S,Lowville,NY,13367
792,425 Route 31,Macedon,NY,14502
793,3222 State Rt 11,Malone,NY,12953
794,200 Sunrise Mall,Massapequa,NY,11758
795,43 Stephenville St,Massena,NY,13662
796,750 Middle Country Road,Middle Island,NY,11953
797,470 Route 211 East,Middletown,NY,10940
798,3133 E Main St,Mohegan Lake,NY,10547
799,288 Larkin,Monroe,NY,10950
800,41 Anawana Lake Road,Monticello,NY,12701
801,4765 Commercial Drive,New Hartford,NY,13413
802,1201 Rt 300,Newburgh,NY,12550
803,255 W Main St,Avon,CT,6001
804,120 Commercial Parkway,Branford,CT,6405
805,1400 Farmington Ave,Bristol,CT,6010
806,161 Berlin Road,Cromwell,CT,6416
807,67 Newton Rd,Danbury,CT,6810
808,656 New Haven Ave,Derby,CT,6418
809,69 Prospect Hill Road,East Windsor,CT,6088
810,150 Gold Star Hwy,Groton,CT,6340
811,900 Boston Post Road,Guilford,CT,6437
812,2300 Dixwell Ave,Hamden,CT,6514
813,495 Flatbush Ave,Hartford,CT,6106
814,180 River Rd,Lisbon,CT,6351
815,420 Buckland Hills Dr,Manchester,CT,6040
816,1365 Boston Post Road,Milford,CT,6460
817,1100 New Haven Road,Naugatuck,CT,6770
818,315 Foxon Blvd,New Haven,CT,6513
819,164 Danbury Rd,New Milford,CT,6776
820,3164 Berlin Turnpike,Newington,CT,6111
821,474 Boston Post Road,North Windham,CT,6256
822,650 Main Ave,Norwalk,CT,6851
823,680 Connecticut Avenue,Norwalk,CT,6854
824,220 Salem Turnpike,Norwich,CT,6360
825,655 Boston Post Rd,Old Saybrook,CT,6475
826,625 School Street,Putnam,CT,6260
827,80 Town Line Rd,Rocky Hill,CT,6067
828,465 Bridgeport Avenue,Shelton,CT,6484
829,235 Queen St,Southington,CT,6489
830,150 Barnum Avenue Cutoff,Stratford,CT,6614
831,970 Torringford Street,Torrington,CT,6790
832,844 No Colony Road,Wallingford,CT,6492
833,910 Wolcott St,Waterbury,CT,6705
834,155 Waterford Parkway No,Waterford,CT,6385
835,515 Sawmill Road,West Haven,CT,6516
836,2473 Hackworth Road,Adamsville,AL,35005
837,630 Coonial Promenade Pkwy,Alabaster,AL,35007
838,2643 Hwy 280 West,Alexander City,AL,35010
839,540 West Bypass,Andalusia,AL,36420
840,5560 Mcclellan Blvd,Anniston,AL,36206
841,1450 No Brindlee Mtn Pkwy,Arab,AL,35016
842,1011 US Hwy 72 East,Athens,AL,35611
843,973 Gilbert Ferry Road Se,Attalla,AL,35954
844,1717 South College Street,Auburn,AL,36830
845,701 Mcmeans Ave,Bay Minette,AL,36507
846,750 Academy Drive,Bessemer,AL,35022
847,312 Palisades Blvd,Birmingham,AL,35209
848,1600 Montclair Rd,Birmingham,AL,35210
849,5919 Trussville Crossings Pkwy,Birmingham,AL,35235
850,9248 Parkway East,Birmingham,AL,35206
851,1972 Hwy 431,Boaz,AL,35957
852,10675 Hwy 5,Brent,AL,35034
853,2041 Douglas Avenue,Brewton,AL,36426
854,5100 Hwy 31,Calera,AL,35040
855,1916 Center Point Rd,Center Point,AL,35215
856,1950 W Main St,Centre,AL,35960
857,16077 Highway 280,Chelsea,AL,35043
858,1415 7Th Street South,Clanton,AL,35045
859,626 Olive Street Sw,Cullman,AL,35055
860,27520 Hwy 98,Daphne,AL,36526
861,2800 Spring Avn SW,Decatur,AL,35603
862,969 Us Hwy 80 West,Demopolis,AL,36732
863,3300 South Oates Street,Dothan,AL,36301
864,4310 Montgomery Hwy,Dothan,AL,36303
865,600 Boll Weevil Circle,Enterprise,AL,36330
866,3176 South Eufaula Avenue,Eufaula,AL,36027
867,7100 Aaron Aronov Drive,Fairfield,AL,35064
868,10040 County Road 48,Fairhope,AL,36533
869,3186 Hwy 171 North,Fayette,AL,35555
870,3100 Hough Rd,Florence,AL,35630
871,2200 South Mckenzie St,Foley,AL,36535
872,2001 Glenn Bldv Sw,Fort Payne,AL,35968
873,340 East Meighan Blvd,Gadsden,AL,35903
874,890 Odum Road,Gardendale,AL,35071
875,1608 W Magnolia Ave,Geneva,AL,36340
876,501 Willow Lane,Greenville,AL,36037
877,170 Fort Morgan Road,Gulf Shores,AL,36542
878,11697 US Hwy 431,Guntersville,AL,35976
879,42417 Hwy 195,Haleyville,AL,35565
880,1706 Military Street South,Hamilton,AL,35570
881,1201 Hwy 31 NW,Hartselle,AL,35640
882,209 Lakeshore Parkway,Homewood,AL,35209
883,2780 John Hawkins Pkwy,Hoover,AL,35244
884,5335 Hwy 280 South,Hoover,AL,35242
885,1007 Red Farmer Drive,Hueytown,AL,35023
886,2900 S Mem PkwyDrake Ave,Huntsville,AL,35801
887,11610 Memorial Pkwy South,Huntsville,AL,35803
888,2200 Sparkman Drive,Huntsville,AL,35810
889,330 Sutton Rd,Huntsville,AL,35763
890,6140A Univ Drive,Huntsville,AL,35806
891,4206 N College Ave,Jackson,AL,36545
892,1625 Pelham South,Jacksonville,AL,36265
893,1801 Hwy 78 East,Jasper,AL,35501
894,8551 Whitfield Ave,Leeds,AL,35094
895,8650 Madison Blvd,Madison,AL,35758
896,145 Kelley Blvd,Millbrook,AL,36054
897,1970 S University Blvd,Mobile,AL,36609
898,6350 Cottage Hill Road,Mobile,AL,36609
899,101 South Beltline Highway,Mobile,AL,36606
900,2500 Dawes Road,Mobile,AL,36695
901,5245 Rangeline Service Rd,Mobile,AL,36619
902,685 Schillinger Rd,Mobile,AL,36695
903,3371 S Alabama Ave,Monroeville,AL,36460
904,10710 Chantilly Pkwy,Montgomery,AL,36117
905,3801 Eastern Blvd,Montgomery,AL,36116
906,6495 Atlanta Hwy,Montgomery,AL,36117
907,851 Ann St,Montgomery,AL,36107
908,15445 Highway 24,Moulton,AL,35650
909,517 West Avalon Ave,Muscle Shoals,AL,35661
910,5710 Mcfarland Blvd,Northport,AL,35476
911,2453 2Nd Avenue East,Oneonta,AL,35121
912,2900 Pepperrell Pkwy,Opelika,AL,36801
913,92 Plaza Lane,Oxford,AL,36203
914,1537 Hwy 231 South,Ozark,AL,36360
915,2181 Pelham Pkwy,Pelham,AL,35124
916,165 Vaughan Ln,Pell City,AL,35125
917,3700 Hwy 280-431 N,Phenix City,AL,36867
918,1903 Cobbs Ford Rd,Prattville,AL,36066
919,4180 Us Hwy 431,Roanoke,AL,36274
920,13675 Hwy 43,Russellville,AL,35653
921,1095 Industrial Pkwy,Saraland,AL,36571
922,24833 Johnt Reidprkw,Scottsboro,AL,35768
923,1501 Hwy 14 East,Selma,AL,36703
924,7855 Moffett Rd,Semmes,AL,36575
925,150 Springville Station Blvd,Springville,AL,35146
926,690 Hwy 78,Sumiton,AL,35148
927,41301 US Hwy 280,Sylacauga,AL,35150
928,214 Haynes Street,Talladega,AL,35160
929,1300 Gilmer Ave,Tallassee,AL,36078
930,34301 Hwy 43,Thomasville,AL,36784
931,1420 Us 231 South,Troy,AL,36081
932,1501 Skyland Blvd E,Tuscaloosa,AL,35405
933,3501 20th Av,Valley,AL,36854
934,1300 Montgomery Highway,Vestavia Hills,AL,35216
935,4538 Us Hwy 231,Wetumpka,AL,36092
936,2575 Us Hwy 43,Winfield,AL,35594
937,777 Brockton Avenue,Abington,MA,2351
938,30 Memorial Drive,Avon,MA,2322
939,250 Hartford Avenue,Bellingham,MA,2019
940,700 Oak Street,Brockton,MA,2301
941,66-4 Parkhurst Rd,Chelmsford,MA,1824
942,591 Memorial Dr,Chicopee,MA,1020
943,55 Brooksby Village Way,Danvers,MA,1923
944,137 Teaticket Hwy,East Falmouth,MA,2536
945,42 Fairhaven Commons Way,Fairhaven,MA,2719
946,374 William S Canning Blvd,Fall River,MA,2721
947,121 Worcester Rd,Framingham,MA,1701
948,677 Timpany Blvd,Gardner,MA,1440
949,337 Russell St,Hadley,MA,1035
950,295 Plymouth Street,Halifax,MA,2338
951,1775 Washington St,Hanover,MA,2339
952,280 Washington Street,Hudson,MA,1749
953,20 Soojian Dr,Leicester,MA,1524
954,11 Jungle Road,Leominster,MA,1453
955,301 Massachusetts Ave,Lunenburg,MA,1462
956,780 Lynnway,Lynn,MA,1905
957,70 Pleasant Valley Street,Methuen,MA,1844
958,830 Curran Memorial Hwy,North Adams,MA,1247
959,1470 S Washington St,North Attleboro,MA,2760
960,506 State Road,North Dartmouth,MA,2747
961,742 Main Street,North Oxford,MA,1537
962,72 Main St,North Reading,MA,1864
963,200 Otis Street,Northborough,MA,1532
964,180 North King Street,Northhampton,MA,1060
965,555 East Main St,Orange,MA,1364
966,555 Hubbard Ave-Suite 12,Pittsfield,MA,1201
967,300 Colony Place,Plymouth,MA,2360
968,301 Falls Blvd,Quincy,MA,2169
969,36 Paramount Drive,Raynham,MA,2767
970,450 Highland Ave,Salem,MA,1970
971,1180 Fall River Avenue,Seekonk,MA,2771
972,1105 Boston Road,Springfield,MA,1119
973,100 Charlton Road,Sturbridge,MA,1566
974,262 Swansea Mall Dr,Swansea,MA,2777
975,333 Main Street,Tewksbury,MA,1876
976,550 Providence Hwy,Walpole,MA,2081
977,352 Palmer Road,Ware,MA,1082
978,3005 Cranberry Hwy Rt 6 28,Wareham,MA,2538
979,250 Rt 59,Airmont,NY,10901
980,141 Washington Ave Extension,Albany,NY,12205
981,13858 Rt 31 W,Albion,NY,14411
982,2055 Niagara Falls Blvd,Amherst,NY,14228
983,101 Sanford Farm Shpg Center,Amsterdam,NY,12010
984,297 Grant Avenue,Auburn,NY,13021
985,4133 Veterans Memorial Drive,Batavia,NY,14020
986,6265 Brockport Spencerport Rd,Brockport,NY,14420
987,5399 W Genesse St,Camillus,NY,13031
988,3191 County rd 10,Canandaigua,NY,14424
989,30 Catskill,Catskill,NY,12414
990,161 Centereach Mall,Centereach,NY,11720
991,3018 East Ave,Central Square,NY,13036
992,100 Thruway Plaza,Cheektowaga,NY,14225
993,8064 Brewerton Rd,Cicero,NY,13039
994,5033 Transit Road,Clarence,NY,14031
995,3949 Route 31,Clay,NY,13041
996,139 Merchant Place,Cobleskill,NY,12043
997,85 Crooked Hill Road,Commack,NY,11725
998,872 Route 13,Cortlandville,NY,13045
999,279 Troy Road,East Greenbush,NY,12061
1000,2465 Hempstead Turnpike,East Meadow,NY,11554
1001,6438 Basile Rowe,East Syracuse,NY,13057
1002,25737 US Rt 11,Evans Mills,NY,13637
1003,901 Route 110,Farmingdale,NY,11735
1004,2400 Route 9,Fishkill,NY,12524
1005,10401 Bennett Road,Fredonia,NY,14063
1006,1818 State Route 3,Fulton,NY,13069
1007,4300 Lakeville Road,Geneseo,NY,14454
1008,990 Route 5 20,Geneva,NY,14456
1009,311 RT 9W,Glenmont,NY,12077
1010,200 Dutch Meadows Ln,Glenville,NY,12302
1011,100 Elm Ridge Center Dr,Greece,NY,14626
1012,1549 Rt 9,Halfmoon,NY,12065
1013,5360 Southwestern Blvd,Hamburg,NY,14075
1014,103 North Caroline St,Herkimer,NY,13350
1015,1000 State Route 36,Hornell,NY,14843
1016,1400 County Rd 64,Horseheads,NY,14845
1017,135 Fairgrounds Memorial Pkwy,Ithaca,NY,14850
1018,2 Gannett Dr,Johnson City,NY,13790
1019,233 5th Ave Ext,Johnstown,NY,12095
1020,601 Frank Stottile Blvd,Kingston,NY,12401
1021,350 E Fairmount Ave,Lakewood,NY,14750
1022,4975 Transit Rd,Lancaster,NY,14086
1023,579 Troy-Schenectady Road,Latham,NY,12110
1024,5783 So Transit Road,Lockport,NY,14094
1025,7155 State Rt 12 S,Lowville,NY,13367
1026,425 Route 31,Macedon,NY,14502
1027,3222 State Rt 11,Malone,NY,12953
1028,200 Sunrise Mall,Massapequa,NY,11758
1029,43 Stephenville St,Massena,NY,13662
1030,750 Middle Country Road,Middle Island,NY,11953
1031,470 Route 211 East,Middletown,NY,10940
1032,3133 E Main St,Mohegan Lake,NY,10547
1033,288 Larkin,Monroe,NY,10950
1034,41 Anawana Lake Road,Monticello,NY,12701
1035,4765 Commercial Drive,New Hartford,NY,13413
1036,1201 Rt 300,Newburgh,NY,12550
1037,255 W Main St,Avon,CT,6001
1038,120 Commercial Parkway,Branford,CT,6405
1039,1400 Farmington Ave,Bristol,CT,6010
1040,161 Berlin Road,Cromwell,CT,6416
1041,67 Newton Rd,Danbury,CT,6810
1042,656 New Haven Ave,Derby,CT,6418
1043,69 Prospect Hill Road,East Windsor,CT,6088
1044,150 Gold Star Hwy,Groton,CT,6340
1045,900 Boston Post Road,Guilford,CT,6437
1046,2300 Dixwell Ave,Hamden,CT,6514
1047,495 Flatbush Ave,Hartford,CT,6106
1048,180 River Rd,Lisbon,CT,6351
1049,420 Buckland Hills Dr,Manchester,CT,6040
1050,1365 Boston Post Road,Milford,CT,6460
1051,1100 New Haven Road,Naugatuck,CT,6770
1052,315 Foxon Blvd,New Haven,CT,6513
1053,164 Danbury Rd,New Milford,CT,6776
1054,3164 Berlin Turnpike,Newington,CT,6111
1055,474 Boston Post Road,North Windham,CT,6256
1056,650 Main Ave,Norwalk,CT,6851
1057,680 Connecticut Avenue,Norwalk,CT,6854
1058,220 Salem Turnpike,Norwich,CT,6360
1059,655 Boston Post Rd,Old Saybrook,CT,6475
1060,625 School Street,Putnam,CT,6260
1061,80 Town Line Rd,Rocky Hill,CT,6067
1062,465 Bridgeport Avenue,Shelton,CT,6484
1063,235 Queen St,Southington,CT,6489
1064,150 Barnum Avenue Cutoff,Stratford,CT,6614
1065,970 Torringford Street,Torrington,CT,6790
1066,844 No Colony Road,Wallingford,CT,6492
1067,910 Wolcott St,Waterbury,CT,6705
1068,155 Waterford Parkway No,Waterford,CT,6385
1069,515 Sawmill Road,West Haven,CT,6516
1070,2473 Hackworth Road,Adamsville,AL,35005
1071,630 Coonial Promenade Pkwy,Alabaster,AL,35007
1072,2643 Hwy 280 West,Alexander City,AL,35010
1073,540 West Bypass,Andalusia,AL,36420
1074,5560 Mcclellan Blvd,Anniston,AL,36206
1075,1450 No Brindlee Mtn Pkwy,Arab,AL,35016
1076,1011 US Hwy 72 East,Athens,AL,35611
1077,973 Gilbert Ferry Road Se,Attalla,AL,35954
1078,1717 South College Street,Auburn,AL,36830
1079,701 Mcmeans Ave,Bay Minette,AL,36507
1080,750 Academy Drive,Bessemer,AL,35022
1081,312 Palisades Blvd,Birmingham,AL,35209
1082,1600 Montclair Rd,Birmingham,AL,35210
1083,5919 Trussville Crossings Pkwy,Birmingham,AL,35235
1084,9248 Parkway East,Birmingham,AL,35206
1085,1972 Hwy 431,Boaz,AL,35957
1086,10675 Hwy 5,Brent,AL,35034
1087,2041 Douglas Avenue,Brewton,AL,36426
1088,5100 Hwy 31,Calera,AL,35040
1089,1916 Center Point Rd,Center Point,AL,35215
1090,1950 W Main St,Centre,AL,35960
1091,16077 Highway 280,Chelsea,AL,35043
1092,1415 7Th Street South,Clanton,AL,35045
1093,626 Olive Street Sw,Cullman,AL,35055
1094,27520 Hwy 98,Daphne,AL,36526
1095,2800 Spring Avn SW,Decatur,AL,35603
1096,969 Us Hwy 80 West,Demopolis,AL,36732
1097,3300 South Oates Street,Dothan,AL,36301
1098,4310 Montgomery Hwy,Dothan,AL,36303
1099,600 Boll Weevil Circle,Enterprise,AL,36330
1100,3176 South Eufaula Avenue,Eufaula,AL,36027
1101,7100 Aaron Aronov Drive,Fairfield,AL,35064
1102,10040 County Road 48,Fairhope,AL,36533
1103,3186 Hwy 171 North,Fayette,AL,35555
1104,3100 Hough Rd,Florence,AL,35630
1105,2200 South Mckenzie St,Foley,AL,36535
1106,2001 Glenn Bldv Sw,Fort Payne,AL,35968
1107,340 East Meighan Blvd,Gadsden,AL,35903
1108,890 Odum Road,Gardendale,AL,35071
1109,1608 W Magnolia Ave,Geneva,AL,36340
1110,501 Willow Lane,Greenville,AL,36037
1111,170 Fort Morgan Road,Gulf Shores,AL,36542
1112,11697 US Hwy 431,Guntersville,AL,35976
1113,42417 Hwy 195,Haleyville,AL,35565
1114,1706 Military Street South,Hamilton,AL,35570
1115,1201 Hwy 31 NW,Hartselle,AL,35640
1116,209 Lakeshore Parkway,Homewood,AL,35209
1117,2780 John Hawkins Pkwy,Hoover,AL,35244
1118,5335 Hwy 280 South,Hoover,AL,35242
1119,1007 Red Farmer Drive,Hueytown,AL,35023
1120,2900 S Mem PkwyDrake Ave,Huntsville,AL,35801
1121,11610 Memorial Pkwy South,Huntsville,AL,35803
1122,2200 Sparkman Drive,Huntsville,AL,35810
1123,330 Sutton Rd,Huntsville,AL,35763
1124,6140A Univ Drive,Huntsville,AL,35806
1125,4206 N College Ave,Jackson,AL,36545
1126,1625 Pelham South,Jacksonville,AL,36265
1127,1801 Hwy 78 East,Jasper,AL,35501
1128,8551 Whitfield Ave,Leeds,AL,35094
1129,8650 Madison Blvd,Madison,AL,35758
1130,145 Kelley Blvd,Millbrook,AL,36054
1131,1970 S University Blvd,Mobile,AL,36609
1132,6350 Cottage Hill Road,Mobile,AL,36609
1133,101 South Beltline Highway,Mobile,AL,36606
1134,2500 Dawes Road,Mobile,AL,36695
1135,5245 Rangeline Service Rd,Mobile,AL,36619
1136,685 Schillinger Rd,Mobile,AL,36695
1137,3371 S Alabama Ave,Monroeville,AL,36460
1138,10710 Chantilly Pkwy,Montgomery,AL,36117
1139,3801 Eastern Blvd,Montgomery,AL,36116
1140,6495 Atlanta Hwy,Montgomery,AL,36117
1141,851 Ann St,Montgomery,AL,36107
1142,15445 Highway 24,Moulton,AL,35650
1143,517 West Avalon Ave,Muscle Shoals,AL,35661
1144,5710 Mcfarland Blvd,Northport,AL,35476
1145,2453 2Nd Avenue East,Oneonta,AL,35121
1146,2900 Pepperrell Pkwy,Opelika,AL,36801
1147,92 Plaza Lane,Oxford,AL,36203
1148,1537 Hwy 231 South,Ozark,AL,36360
1149,2181 Pelham Pkwy,Pelham,AL,35124
1150,165 Vaughan Ln,Pell City,AL,35125
1151,3700 Hwy 280-431 N,Phenix City,AL,36867
1152,1903 Cobbs Ford Rd,Prattville,AL,36066
1153,4180 Us Hwy 431,Roanoke,AL,36274
1154,13675 Hwy 43,Russellville,AL,35653
1155,1095 Industrial Pkwy,Saraland,AL,36571
1156,24833 Johnt Reidprkw,Scottsboro,AL,35768
1157,1501 Hwy 14 East,Selma,AL,36703
1158,7855 Moffett Rd,Semmes,AL,36575
1159,150 Springville Station Blvd,Springville,AL,35146
1160,690 Hwy 78,Sumiton,AL,35148
1161,41301 US Hwy 280,Sylacauga,AL,35150
1162,214 Haynes Street,Talladega,AL,35160
1163,1300 Gilmer Ave,Tallassee,AL,36078
1164,34301 Hwy 43,Thomasville,AL,36784
1165,1420 Us 231 South,Troy,AL,36081
1166,1501 Skyland Blvd E,Tuscaloosa,AL,35405
1167,3501 20th Av,Valley,AL,36854
1168,1300 Montgomery Highway,Vestavia Hills,AL,35216
1169,4538 Us Hwy 231,Wetumpka,AL,36092
1170,2575 Us Hwy 43,Winfield,AL,35594
1171,777 Brockton Avenue,Abington,MA,2351
1172,30 Memorial Drive,Avon,MA,2322
1173,250 Hartford Avenue,Bellingham,MA,2019
1174,700 Oak Street,Brockton,MA,2301
1175,66-4 Parkhurst Rd,Chelmsford,MA,1824
1176,591 Memorial Dr,Chicopee,MA,1020
1177,55 Brooksby Village Way,Danvers,MA,1923
1178,137 Teaticket Hwy,East Falmouth,MA,2536
1179,42 Fairhaven Commons Way,Fairhaven,MA,2719
1180,374 William S Canning Blvd,Fall River,MA,2721
1181,121 Worcester Rd,Framingham,MA,1701
1182,677 Timpany Blvd,Gardner,MA,1440
1183,337 Russell St,Hadley,MA,1035
1184,295 Plymouth Street,Halifax,MA,2338
1185,1775 Washington St,Hanover,MA,2339
1186,280 Washington Street,Hudson,MA,1749
1187,20 Soojian Dr,Leicester,MA,1524
1188,11 Jungle Road,Leominster,MA,1453
1189,301 Massachusetts Ave,Lunenburg,MA,1462
1190,780 Lynnway,Lynn,MA,1905
1191,70 Pleasant Valley Street,Methuen,MA,1844
1192,830 Curran Memorial Hwy,North Adams,MA,1247
1193,1470 S Washington St,North Attleboro,MA,2760
1194,506 State Road,North Dartmouth,MA,2747
1195,742 Main Street,North Oxford,MA,1537
1196,72 Main St,North Reading,MA,1864
1197,200 Otis Street,Northborough,MA,1532
1198,180 North King Street,Northhampton,MA,1060
1199,555 East Main St,Orange,MA,1364
1200,555 Hubbard Ave-Suite 12,Pittsfield,MA,1201
1201,300 Colony Place,Plymouth,MA,2360
1202,301 Falls Blvd,Quincy,MA,2169
1203,36 Paramount Drive,Raynham,MA,2767
1204,450 Highland Ave,Salem,MA,1970
1205,1180 Fall River Avenue,Seekonk,MA,2771
1206,1105 Boston Road,Springfield,MA,1119
1207,100 Charlton Road,Sturbridge,MA,1566
1208,262 Swansea Mall Dr,Swansea,MA,2777
1209,333 Main Street,Tewksbury,MA,1876
1210,550 Providence Hwy,Walpole,MA,2081
1211,352 Palmer Road,Ware,MA,1082
1212,3005 Cranberry Hwy Rt 6 28,Wareham,MA,2538
1213,250 Rt 59,Airmont,NY,10901
1214,141 Washington Ave Extension,Albany,NY,12205
1215,13858 Rt 31 W,Albion,NY,14411
1216,2055 Niagara Falls Blvd,Amherst,NY,14228
1217,101 Sanford Farm Shpg Center,Amsterdam,NY,12010
1218,297 Grant Avenue,Auburn,NY,13021
1219,4133 Veterans Memorial Drive,Batavia,NY,14020
1220,6265 Brockport Spencerport Rd,Brockport,NY,14420
1221,5399 W Genesse St,Camillus,NY,13031
1222,3191 County rd 10,Canandaigua,NY,14424
1223,30 Catskill,Catskill,NY,12414
1224,161 Centereach Mall,Centereach,NY,11720
1225,3018 East Ave,Central Square,NY,13036
1226,100 Thruway Plaza,Cheektowaga,NY,14225
1227,8064 Brewerton Rd,Cicero,NY,13039
1228,5033 Transit Road,Clarence,NY,14031
1229,3949 Route 31,Clay,NY,13041
1230,139 Merchant Place,Cobleskill,NY,12043
1231,85 Crooked Hill Road,Commack,NY,11725
1232,872 Route 13,Cortlandville,NY,13045
1233,279 Troy Road,East Greenbush,NY,12061
1234,2465 Hempstead Turnpike,East Meadow,NY,11554
1235,6438 Basile Rowe,East Syracuse,NY,13057
1236,25737 US Rt 11,Evans Mills,NY,13637
1237,901 Route 110,Farmingdale,NY,11735
1238,2400 Route 9,Fishkill,NY,12524
1239,10401 Bennett Road,Fredonia,NY,14063
1240,1818 State Route 3,Fulton,NY,13069
1241,4300 Lakeville Road,Geneseo,NY,14454
1242,990 Route 5 20,Geneva,NY,14456
1243,311 RT 9W,Glenmont,NY,12077
1244,200 Dutch Meadows Ln,Glenville,NY,12302
1245,100 Elm Ridge Center Dr,Greece,NY,14626
1246,1549 Rt 9,Halfmoon,NY,12065
1247,5360 Southwestern Blvd,Hamburg,NY,14075
1248,103 North Caroline St,Herkimer,NY,13350
1249,1000 State Route 36,Hornell,NY,14843
1250,1400 County Rd 64,Horseheads,NY,14845
1251,135 Fairgrounds Memorial Pkwy,Ithaca,NY,14850
1252,2 Gannett Dr,Johnson City,NY,13790
1253,233 5th Ave Ext,Johnstown,NY,12095
1254,601 Frank Stottile Blvd,Kingston,NY,12401
1255,350 E Fairmount Ave,Lakewood,NY,14750
1256,4975 Transit Rd,Lancaster,NY,14086
1257,579 Troy-Schenectady Road,Latham,NY,12110
1258,5783 So Transit Road,Lockport,NY,14094
1259,7155 State Rt 12 S,Lowville,NY,13367
1260,425 Route 31,Macedon,NY,14502
1261,3222 State Rt 11,Malone,NY,12953
1262,200 Sunrise Mall,Massapequa,NY,11758
1263,43 Stephenville St,Massena,NY,13662
1264,750 Middle Country Road,Middle Island,NY,11953
1265,470 Route 211 East,Middletown,NY,10940
1266,3133 E Main St,Mohegan Lake,NY,10547
1267,288 Larkin,Monroe,NY,10950
1268,41 Anawana Lake Road,Monticello,NY,12701
1269,4765 Commercial Drive,New Hartford,NY,13413
1270,1201 Rt 300,Newburgh,NY,12550
1271,255 W Main St,Avon,CT,6001
1272,120 Commercial Parkway,Branford,CT,6405
1273,1400 Farmington Ave,Bristol,CT,6010
1274,161 Berlin Road,Cromwell,CT,6416
1275,67 Newton Rd,Danbury,CT,6810
1276,656 New Haven Ave,Derby,CT,6418
1277,69 Prospect Hill Road,East Windsor,CT,6088
1278,150 Gold Star Hwy,Groton,CT,6340
1279,900 Boston Post Road,Guilford,CT,6437
1280,2300 Dixwell Ave,Hamden,CT,6514
1281,495 Flatbush Ave,Hartford,CT,6106
1282,180 River Rd,Lisbon,CT,6351
1283,420 Buckland Hills Dr,Manchester,CT,6040
1284,1365 Boston Post Road,Milford,CT,6460
1285,1100 New Haven Road,Naugatuck,CT,6770
1286,315 Foxon Blvd,New Haven,CT,6513
1287,164 Danbury Rd,New Milford,CT,6776
1288,3164 Berlin Turnpike,Newington,CT,6111
1289,474 Boston Post Road,North Windham,CT,6256
1290,650 Main Ave,Norwalk,CT,6851
1291,680 Connecticut Avenue,Norwalk,CT,6854
1292,220 Salem Turnpike,Norwich,CT,6360
1293,655 Boston Post Rd,Old Saybrook,CT,6475
1294,625 School Street,Putnam,CT,6260
1295,80 Town Line Rd,Rocky Hill,CT,6067
1296,465 Bridgeport Avenue,Shelton,CT,6484
1297,235 Queen St,Southington,CT,6489
1298,150 Barnum Avenue Cutoff,Stratford,CT,6614
1299,970 Torringford Street,Torrington,CT,6790
1300,844 No Colony Road,Wallingford,CT,6492
1301,910 Wolcott St,Waterbury,CT,6705
1302,155 Waterford Parkway No,Waterford,CT,6385
1303,515 Sawmill Road,West Haven,CT,6516
1304,2473 Hackworth Road,Adamsville,AL,35005
1305,630 Coonial Promenade Pkwy,Alabaster,AL,35007
1306,2643 Hwy 280 West,Alexander City,AL,35010
1307,540 West Bypass,Andalusia,AL,36420
1308,5560 Mcclellan Blvd,Anniston,AL,36206
1309,1450 No Brindlee Mtn Pkwy,Arab,AL,35016
1310,1011 US Hwy 72 East,Athens,AL,35611
1311,973 Gilbert Ferry Road Se,Attalla,AL,35954
1312,1717 South College Street,Auburn,AL,36830
1313,701 Mcmeans Ave,Bay Minette,AL,36507
1314,750 Academy Drive,Bessemer,AL,35022
1315,312 Palisades Blvd,Birmingham,AL,35209
1316,1600 Montclair Rd,Birmingham,AL,35210
1317,5919 Trussville Crossings Pkwy,Birmingham,AL,35235
1318,9248 Parkway East,Birmingham,AL,35206
1319,1972 Hwy 431,Boaz,AL,35957
1320,10675 Hwy 5,Brent,AL,35034
1321,2041 Douglas Avenue,Brewton,AL,36426
1322,5100 Hwy 31,Calera,AL,35040
1323,1916 Center Point Rd,Center Point,AL,35215
1324,1950 W Main St,Centre,AL,35960
1325,16077 Highway 280,Chelsea,AL,35043
1326,1415 7Th Street South,Clanton,AL,35045
1327,626 Olive Street Sw,Cullman,AL,35055
1328,27520 Hwy 98,Daphne,AL,36526
1329,2800 Spring Avn SW,Decatur,AL,35603
1330,969 Us Hwy 80 West,Demopolis,AL,36732
1331,3300 South Oates Street,Dothan,AL,36301
1332,4310 Montgomery Hwy,Dothan,AL,36303
1333,600 Boll Weevil Circle,Enterprise,AL,36330
1334,3176 South Eufaula Avenue,Eufaula,AL,36027
1335,7100 Aaron Aronov Drive,Fairfield,AL,35064
1336,10040 County Road 48,Fairhope,AL,36533
1337,3186 Hwy 171 North,Fayette,AL,35555
1338,3100 Hough Rd,Florence,AL,35630
1339,2200 South Mckenzie St,Foley,AL,36535
1340,2001 Glenn Bldv Sw,Fort Payne,AL,35968
1341,340 East Meighan Blvd,Gadsden,AL,35903
1342,890 Odum Road,Gardendale,AL,35071
1343,1608 W Magnolia Ave,Geneva,AL,36340
1344,501 Willow Lane,Greenville,AL,36037
1345,170 Fort Morgan Road,Gulf Shores,AL,36542
1346,11697 US Hwy 431,Guntersville,AL,35976
1347,42417 Hwy 195,Haleyville,AL,35565
1348,1706 Military Street South,Hamilton,AL,35570
1349,1201 Hwy 31 NW,Hartselle,AL,35640
1350,209 Lakeshore Parkway,Homewood,AL,35209
1351,2780 John Hawkins Pkwy,Hoover,AL,35244
1352,5335 Hwy 280 South,Hoover,AL,35242
1353,1007 Red Farmer Drive,Hueytown,AL,35023
1354,2900 S Mem PkwyDrake Ave,Huntsville,AL,35801
1355,11610 Memorial Pkwy South,Huntsville,AL,35803
1356,2200 Sparkman Drive,Huntsville,AL,35810
1357,330 Sutton Rd,Huntsville,AL,35763
1358,6140A Univ Drive,Huntsville,AL,35806
1359,4206 N College Ave,Jackson,AL,36545
1360,1625 Pelham South,Jacksonville,AL,36265
1361,1801 Hwy 78 East,Jasper,AL,35501
1362,8551 Whitfield Ave,Leeds,AL,35094
1363,8650 Madison Blvd,Madison,AL,35758
1364,145 Kelley Blvd,Millbrook,AL,36054
1365,1970 S University Blvd,Mobile,AL,36609
1366,6350 Cottage Hill Road,Mobile,AL,36609
1367,101 South Beltline Highway,Mobile,AL,36606
1368,2500 Dawes Road,Mobile,AL,36695
1369,5245 Rangeline Service Rd,Mobile,AL,36619
1370,685 Schillinger Rd,Mobile,AL,36695
1371,3371 S Alabama Ave,Monroeville,AL,36460
1372,10710 Chantilly Pkwy,Montgomery,AL,36117
1373,3801 Eastern Blvd,Montgomery,AL,36116
1374,6495 Atlanta Hwy,Montgomery,AL,36117
1375,851 Ann St,Montgomery,AL,36107
1376,15445 Highway 24,Moulton,AL,35650
1377,517 West Avalon Ave,Muscle Shoals,AL,35661
1378,5710 Mcfarland Blvd,Northport,AL,35476
1379,2453 2Nd Avenue East,Oneonta,AL,35121
1380,2900 Pepperrell Pkwy,Opelika,AL,36801
1381,92 Plaza Lane,Oxford,AL,36203
1382,1537 Hwy 231 South,Ozark,AL,36360
1383,2181 Pelham Pkwy,Pelham,AL,35124
1384,165 Vaughan Ln,Pell City,AL,35125
1385,3700 Hwy 280-431 N,Phenix City,AL,36867
1386,1903 Cobbs Ford Rd,Prattville,AL,36066
1387,4180 Us Hwy 431,Roanoke,AL,36274
1388,13675 Hwy 43,Russellville,AL,35653
1389,1095 Industrial Pkwy,Saraland,AL,36571
1390,24833 Johnt Reidprkw,Scottsboro,AL,35768
1391,1501 Hwy 14 East,Selma,AL,36703
1392,7855 Moffett Rd,Semmes,AL,36575
1393,150 Springville Station Blvd,Springville,AL,35146
1394,690 Hwy 78,Sumiton,AL,35148
1395,41301 US Hwy 280,Sylacauga,AL,35150
1396,214 Haynes Street,Talladega,AL,35160
1397,1300 Gilmer Ave,Tallassee,AL,36078
1398,34301 Hwy 43,Thomasville,AL,36784
1399,1420 Us 231 South,Troy,AL,36081
1400,1501 Skyland Blvd E,Tuscaloosa,AL,35405
1401,3501 20th Av,Valley,AL,36854
1402,1300 Montgomery Highway,Vestavia Hills,AL,35216
1403,4538 Us Hwy 231,Wetumpka,AL,36092
1404,2575 Us Hwy 43,Winfield,AL,35594
1405,777 Brockton Avenue,Abington,MA,2351
1406,30 Memorial Drive,Avon,MA,2322
1407,250 Hartford Avenue,Bellingham,MA,2019
1408,700 Oak Street,Brockton,MA,2301
1409,66-4 Parkhurst Rd,Chelmsford,MA,1824
1410,591 Memorial Dr,Chicopee,MA,1020
1411,55 Brooksby Village Way,Danvers,MA,1923
1412,137 Teaticket Hwy,East Falmouth,MA,2536
1413,42 Fairhaven Commons Way,Fairhaven,MA,2719
1414,374 William S Canning Blvd,Fall River,MA,2721
1415,121 Worcester Rd,Framingham,MA,1701
1416,677 Timpany Blvd,Gardner,MA,1440
1417,337 Russell St,Hadley,MA,1035
1418,295 Plymouth Street,Halifax,MA,2338
1419,1775 Washington St,Hanover,MA,2339
1420,280 Washington Street,Hudson,MA,1749
1421,20 Soojian Dr,Leicester,MA,1524
1422,11 Jungle Road,Leominster,MA,1453
1423,301 Massachusetts Ave,Lunenburg,MA,1462
1424,780 Lynnway,Lynn,MA,1905
1425,70 Pleasant Valley Street,Methuen,MA,1844
1426,830 Curran Memorial Hwy,North Adams,MA,1247
1427,1470 S Washington St,North Attleboro,MA,2760
1428,506 State Road,North Dartmouth,MA,2747
1429,742 Main Street,North Oxford,MA,1537
1430,72 Main St,North Reading,MA,1864
1431,200 Otis Street,Northborough,MA,1532
1432,180 North King Street,Northhampton,MA,1060
1433,555 East Main St,Orange,MA,1364
1434,555 Hubbard Ave-Suite 12,Pittsfield,MA,1201
1435,300 Colony Place,Plymouth,MA,2360
1436,301 Falls Blvd,Quincy,MA,2169
1437,36 Paramount Drive,Raynham,MA,2767
1438,450 Highland Ave,Salem,MA,1970
1439,1180 Fall River Avenue,Seekonk,MA,2771
1440,1105 Boston Road,Springfield,MA,1119
1441,100 Charlton Road,Sturbridge,MA,1566
1442,262 Swansea Mall Dr,Swansea,MA,2777
1443,333 Main Street,Tewksbury,MA,1876
1444,550 Providence Hwy,Walpole,MA,2081
1445,352 Palmer Road,Ware,MA,1082
1446,3005 Cranberry Hwy Rt 6 28,Wareham,MA,2538
1447,250 Rt 59,Airmont,NY,10901
1448,141 Washington Ave Extension,Albany,NY,12205
1449,13858 Rt 31 W,Albion,NY,14411
1450,2055 Niagara Falls Blvd,Amherst,NY,14228
1451,101 Sanford Farm Shpg Center,Amsterdam,NY,12010
1452,297 Grant Avenue,Auburn,NY,13021
1453,4133 Veterans Memorial Drive,Batavia,NY,14020
1454,6265 Brockport Spencerport Rd,Brockport,NY,14420
1455,5399 W Genesse St,Camillus,NY,13031
1456,3191 County rd 10,Canandaigua,NY,14424
1457,30 Catskill,Catskill,NY,12414
1458,161 Centereach Mall,Centereach,NY,11720
1459,3018 East Ave,Central Square,NY,13036
1460,100 Thruway Plaza,Cheektowaga,NY,14225
1461,8064 Brewerton Rd,Cicero,NY,13039
1462,5033 Transit Road,Clarence,NY,14031
1463,3949 Route 31,Clay,NY,13041
1464,139 Merchant Place,Cobleskill,NY,12043
1465,85 Crooked Hill Road,Commack,NY,11725
1466,872 Route 13,Cortlandville,NY,13045
1467,279 Troy Road,East Greenbush,NY,12061
1468,2465 Hempstead Turnpike,East Meadow,NY,11554
1469,6438 Basile Rowe,East Syracuse,NY,13057
1470,25737 US Rt 11,Evans Mills,NY,13637
1471,901 Route 110,Farmingdale,NY,11735
1472,2400 Route 9,Fishkill,NY,12524
1473,10401 Bennett Road,Fredonia,NY,14063
1474,1818 State Route 3,Fulton,NY,13069
1475,4300 Lakeville Road,Geneseo,NY,14454
1476,990 Route 5 20,Geneva,NY,14456
1477,311 RT 9W,Glenmont,NY,12077
1478,200 Dutch Meadows Ln,Glenville,NY,12302
1479,100 Elm Ridge Center Dr,Greece,NY,14626
1480,1549 Rt 9,Halfmoon,NY,12065
1481,5360 Southwestern Blvd,Hamburg,NY,14075
1482,103 North Caroline St,Herkimer,NY,13350
1483,1000 State Route 36,Hornell,NY,14843
1484,1400 County Rd 64,Horseheads,NY,14845
1485,135 Fairgrounds Memorial Pkwy,Ithaca,NY,14850
1486,2 Gannett Dr,Johnson City,NY,13790
1487,233 5th Ave Ext,Johnstown,NY,12095
1488,601 Frank Stottile Blvd,Kingston,NY,12401
1489,350 E Fairmount Ave,Lakewood,NY,14750
1490,4975 Transit Rd,Lancaster,NY,14086
1491,579 Troy-Schenectady Road,Latham,NY,12110
1492,5783 So Transit Road,Lockport,NY,14094
1493,7155 State Rt 12 S,Lowville,NY,13367
1494,425 Route 31,Macedon,NY,14502
1495,3222 State Rt 11,Malone,NY,12953
1496,200 Sunrise Mall,Massapequa,NY,11758
1497,43 Stephenville St,Massena,NY,13662
1498,750 Middle Country Road,Middle Island,NY,11953
1499,470 Route 211 East,Middletown,NY,10940
1500,3133 E Main St,Mohegan Lake,NY,10547
1501,288 Larkin,Monroe,NY,10950
1502,41 Anawana Lake Road,Monticello,NY,12701
1503,4765 Commercial Drive,New Hartford,NY,13413
1504,1201 Rt 300,Newburgh,NY,12550
1505,255 W Main St,Avon,CT,6001
1506,120 Commercial Parkway,Branford,CT,6405
1507,1400 Farmington Ave,Bristol,CT,6010
1508,161 Berlin Road,Cromwell,CT,6416
1509,67 Newton Rd,Danbury,CT,6810
1510,656 New Haven Ave,Derby,CT,6418
1511,69 Prospect Hill Road,East Windsor,CT,6088
1512,150 Gold Star Hwy,Groton,CT,6340
1513,900 Boston Post Road,Guilford,CT,6437
1514,2300 Dixwell Ave,Hamden,CT,6514
1515,495 Flatbush Ave,Hartford,CT,6106
1516,180 River Rd,Lisbon,CT,6351
1517,420 Buckland Hills Dr,Manchester,CT,6040
1518,1365 Boston Post Road,Milford,CT,6460
1519,1100 New Haven Road,Naugatuck,CT,6770
1520,315 Foxon Blvd,New Haven,CT,6513
1521,164 Danbury Rd,New Milford,CT,6776
1522,3164 Berlin Turnpike,Newington,CT,6111
1523,474 Boston Post Road,North Windham,CT,6256
1524,650 Main Ave,Norwalk,CT,6851
1525,680 Connecticut Avenue,Norwalk,CT,6854
1526,220 Salem Turnpike,Norwich,CT,6360
1527,655 Boston Post Rd,Old Saybrook,CT,6475
1528,625 School Street,Putnam,CT,6260
1529,80 Town Line Rd,Rocky Hill,CT,6067
1530,465 Bridgeport Avenue,Shelton,CT,6484
1531,235 Queen St,Southington,CT,6489
1532,150 Barnum Avenue Cutoff,Stratford,CT,6614
1533,970 Torringford Street,Torrington,CT,6790
1534,844 No Colony Road,Wallingford,CT,6492
1535,910 Wolcott St,Waterbury,CT,6705
1536,155 Waterford Parkway No,Waterford,CT,6385
1537,515 Sawmill Road,West Haven,CT,6516
1538,2473 Hackworth Road,Adamsville,AL,35005
1539,630 Coonial Promenade Pkwy,Alabaster,AL,35007
1540,2643 Hwy 280 West,Alexander City,AL,35010
1541,540 West Bypass,Andalusia,AL,36420
1542,5560 Mcclellan Blvd,Anniston,AL,36206
1543,1450 No Brindlee Mtn Pkwy,Arab,AL,35016
1544,1011 US Hwy 72 East,Athens,AL,35611
1545,973 Gilbert Ferry Road Se,Attalla,AL,35954
1546,1717 South College Street,Auburn,AL,36830
1547,701 Mcmeans Ave,Bay Minette,AL,36507
1548,750 Academy Drive,Bessemer,AL,35022
1549,312 Palisades Blvd,Birmingham,AL,35209
1550,1600 Montclair Rd,Birmingham,AL,35210
1551,5919 Trussville Crossings Pkwy,Birmingham,AL,35235
1552,9248 Parkway East,Birmingham,AL,35206
1553,1972 Hwy 431,Boaz,AL,35957
1554,10675 Hwy 5,Brent,AL,35034
1555,2041 Douglas Avenue,Brewton,AL,36426
1556,5100 Hwy 31,Calera,AL,35040
1557,1916 Center Point Rd,Center Point,AL,35215
1558,1950 W Main St,Centre,AL,35960
1559,16077 Highway 280,Chelsea,AL,35043
1560,1415 7Th Street South,Clanton,AL,35045
1561,626 Olive Street Sw,Cullman,AL,35055
1562,27520 Hwy 98,Daphne,AL,36526
1563,2800 Spring Avn SW,Decatur,AL,35603
1564,969 Us Hwy 80 West,Demopolis,AL,36732
1565,3300 South Oates Street,Dothan,AL,36301
1566,4310 Montgomery Hwy,Dothan,AL,36303
1567,600 Boll Weevil Circle,Enterprise,AL,36330
1568,3176 South Eufaula Avenue,Eufaula,AL,36027
1569,7100 Aaron Aronov Drive,Fairfield,AL,35064
1570,10040 County Road 48,Fairhope,AL,36533
1571,3186 Hwy 171 North,Fayette,AL,35555
1572,3100 Hough Rd,Florence,AL,35630
1573,2200 South Mckenzie St,Foley,AL,36535
1574,2001 Glenn Bldv Sw,Fort Payne,AL,35968
1575,340 East Meighan Blvd,Gadsden,AL,35903
1576,890 Odum Road,Gardendale,AL,35071
1577,1608 W Magnolia Ave,Geneva,AL,36340
1578,501 Willow Lane,Greenville,AL,36037
1579,170 Fort Morgan Road,Gulf Shores,AL,36542
1580,11697 US Hwy 431,Guntersville,AL,35976
1581,42417 Hwy 195,Haleyville,AL,35565
1582,1706 Military Street South,Hamilton,AL,35570
1583,1201 Hwy 31 NW,Hartselle,AL,35640
1584,209 Lakeshore Parkway,Homewood,AL,35209
1585,2780 John Hawkins Pkwy,Hoover,AL,35244
1586,5335 Hwy 280 South,Hoover,AL,35242
1587,1007 Red Farmer Drive,Hueytown,AL,35023
1588,2900 S Mem PkwyDrake Ave,Huntsville,AL,35801
1589,11610 Memorial Pkwy South,Huntsville,AL,35803
1590,2200 Sparkman Drive,Huntsville,AL,35810
1591,330 Sutton Rd,Huntsville,AL,35763
1592,6140A Univ Drive,Huntsville,AL,35806
1593,4206 N College Ave,Jackson,AL,36545
1594,1625 Pelham South,Jacksonville,AL,36265
1595,1801 Hwy 78 East,Jasper,AL,35501
1596,8551 Whitfield Ave,Leeds,AL,35094
1597,8650 Madison Blvd,Madison,AL,35758
1598,145 Kelley Blvd,Millbrook,AL,36054
1599,1970 S University Blvd,Mobile,AL,36609
1600,6350 Cottage Hill Road,Mobile,AL,36609
1601,101 South Beltline Highway,Mobile,AL,36606
1602,2500 Dawes Road,Mobile,AL,36695
1603,5245 Rangeline Service Rd,Mobile,AL,36619
1604,685 Schillinger Rd,Mobile,AL,36695
1605,3371 S Alabama Ave,Monroeville,AL,36460
1606,10710 Chantilly Pkwy,Montgomery,AL,36117
1607,3801 Eastern Blvd,Montgomery,AL,36116
1608,6495 Atlanta Hwy,Montgomery,AL,36117
1609,851 Ann St,Montgomery,AL,36107
1610,15445 Highway 24,Moulton,AL,35650
1611,517 West Avalon Ave,Muscle Shoals,AL,35661
1612,5710 Mcfarland Blvd,Northport,AL,35476
1613,2453 2Nd Avenue East,Oneonta,AL,35121
1614,2900 Pepperrell Pkwy,Opelika,AL,36801
1615,92 Plaza Lane,Oxford,AL,36203
1616,1537 Hwy 231 South,Ozark,AL,36360
1617,2181 Pelham Pkwy,Pelham,AL,35124
1618,165 Vaughan Ln,Pell City,AL,35125
1619,3700 Hwy 280-431 N,Phenix City,AL,36867
1620,1903 Cobbs Ford Rd,Prattville,AL,36066
1621,4180 Us Hwy 431,Roanoke,AL,36274
1622,13675 Hwy 43,Russellville,AL,35653
1623,1095 Industrial Pkwy,Saraland,AL,36571
1624,24833 Johnt Reidprkw,Scottsboro,AL,35768
1625,1501 Hwy 14 East,Selma,AL,36703
1626,7855 Moffett Rd,Semmes,AL,36575
1627,150 Springville Station Blvd,Springville,AL,35146
1628,690 Hwy 78,Sumiton,AL,35148
1629,41301 US Hwy 280,Sylacauga,AL,35150
1630,214 Haynes Street,Talladega,AL,35160
1631,1300 Gilmer Ave,Tallassee,AL,36078
1632,34301 Hwy 43,Thomasville,AL,36784
1633,1420 Us 231 South,Troy,AL,36081
1634,1501 Skyland Blvd E,Tuscaloosa,AL,35405
1635,3501 20th Av,Valley,AL,36854
1636,1300 Montgomery Highway,Vestavia Hills,AL,35216
1637,4538 Us Hwy 231,Wetumpka,AL,36092
1638,2575 Us Hwy 43,Winfield,AL,35594
1639,101 BUTTONWORTH DR,PALM COAST,FL,32137
1640,10460 WINE PALM RD 5822,FORT MYERS,FL,33966
1641,12052 BRASSIE BND B,FORT MYERS,FL,33913
1642,12515 STONE TOWER LOOP,FORT MYERS,FL,33913
1643,12595/597 12595/597 NEW BRITTANY BLVD,FORT MYERS,FL,33907
1644,13935 LILY PAD CIR,FORT MYERS,FL,33907
1645,15110 BAGPIPE WAY 201,FORT MYERS,FL,33912
1646,1538 SW NEPTUNE AVE,Port Saint Lucie,FL,34953
1647,1700 PINE VALLEY DR 310,FORT MYERS,FL,33907
1648,18 RYBAR LN,PALM COAST,FL,32164
1649,18150 ADAMS CIR,FORT MYERS,FL,33967
1650,18433 TULIP RD,FORT MYERS,FL,33967
1651,1871 SE Boma AVE,Port Saint Lucie,FL,34953
1652,190 ESTERO BLVD 505,FORT MYERS BEACH,FL,33931
1653,2090 W FIRST ST J1710,FORT MYERS,FL,33901
1654,2100 SE HILLMOOR DR 204,Port Saint Lucie,FL,34952
1655,2248 FLORA AVE,FORT MYERS,FL,33907
1656,28 EASTLAKE DR,PALM COAST,FL,32137
1657,3443 SW FUNTUNA ST,Port Saint Lucie,FL,34953
1658,5 PINWHEEL LN,PALM COAST,FL,32164
1659,549 NW Lake Whitney Place 104,Port Saint Lucie,FL,34986
1660,5864 NW WHITECAP RD,Port Saint Lucie,FL,34953
1661,598 SE EUCLID LN,Port Saint Lucie,FL,34953
1662,6017 FOUNTAIN WAY,FORT MYERS,FL,33919
1663,7097 QUAIL RUN CT W 15,FORT MYERS,FL,33908
1664,766 SW MCCULLOUGH AVE,Port Saint Lucie,FL,34953
1665,87 FREEMONT TURN,PALM COAST,FL,32137
1666,886 SE STARFLOWER AVE,Port Saint Lucie,FL,34953
1667,1050 NW TUSCANY DR,Port Saint Lucie,FL,34986
1668,106 PERSIMMON DR,PALM COAST,FL,32164
1669,10924 CHERRY LAUREL DR,FORT MYERS,FL,33912
1670,11091 ESTEBAN DR,FORT MYERS,FL,33912
1671,1122 SW Broadview ST,Port Saint Lucie,FL,34953
1672,1130 21ST ST, OKEECHOBEE,FL,34974
1673,121 NW Pleasant Grove WAY,Port Saint Lucie,FL,34986
1674,123 BIRD OF PARADISE DR,PALM COAST,FL,32137
1675,12936 CHERRYDALE CT,FORT MYERS,FL,33919
1676,14380 RIVA DEL LAGO DR 1103,FORT MYERS,FL,33907
1677,14526 DOLCE VISTA RD 102,FORT MYERS,FL,33908
1678,1464 RICARDO AVE,FORT MYERS,FL,33901
1679,1543 NW Amherst DR A,Port Saint Lucie,FL,34986
1680,1549 SE Burning LN,Port Saint Lucie,FL,34953
1681,16 ROCKET LN,PALM COAST,FL,32164
1682,164 SW South Danville CIR,Port Saint Lucie,FL,34953
1683,16907 TIMBERLAKES DR,FORT MYERS,FL,33908
1684,17541 LEE RD,FORT MYERS,FL,33967
1685,19681 SUMMERLIN RD 585,FORT MYERS,FL,33908
1686,22 NANCY LN,FORT MYERS BEACH,FL,33931
1687,2482 SE Avalon RD,Port Saint Lucie,FL,34953
1688,280 SW PAGODA TERR,Port Saint Lucie,FL,34953
1689,429 NW MARSALA TERR,Port Saint Lucie,FL,34986
1690,4330 NEW YORK AVE,FORT MYERS,FL,33905
1691,519 SHIPWRECK LN,FORT MYERS BEACH,FL,33931
1692,5302 NW South Lanett CIR,Port Saint Lucie,FL,34986
1693,6282 NW Helmsdale WAY,Port Saint Lucie,FL,34983
1694,679 NW ENTERPRISE DR 102,Port Saint Lucie,FL,34986
1695,782 SW DUXBURY AVE,Port Saint Lucie,FL,34953
1696,8415 BAHAMA CT,FORT MYERS,FL,33907
1697,8452 SOUTHWIND BAY CIR,FORT MYERS,FL,33908
1698,9044 HENRY RD,FORT MYERS,FL,33967
1699,10200 SW Yellowwood AVE,Port Saint Lucie,FL,34987
1700,11016 YELLOW POPLAR DR,FORT MYERS,FL,33913
1701,1231 SW EDINBURGH DR,Port Saint Lucie,FL,34953
1702,1247/1253 1247/1253 GOLDEN LAKE RD,FORT MYERS,FL,33905
1703,12823 YACHT CLUB CIR,FORT MYERS,FL,33919
1704,12919 SECOND ST,FORT MYERS,FL,33905
1705,13180 BELLA CASA CIR 276,FORT MYERS,FL,33966
1706,13704 RALEIGH LN 5,FORT MYERS,FL,33919
1707,14 WHITE HURST LN,PALM COAST,FL,32164
1708,15051 PUNTA RASSA RD 480,FORT MYERS,FL,33908
1709,154 PLAIN VIEW DR,PALM COAST,FL,32164
1710,15417 BELLAMAR CIR 822,FORT MYERS,FL,33908
1711,1797 SE RYECROFT CT,Port Saint Lucie,FL,34953
1712,18 PRICE LN,PALM COAST,FL,32164
1713,1986 SE MORNINGSIDE BLVD,Port Saint Lucie,FL,34953
1714,20 SCARLET OAK CIR,PALM COAST,FL,32137
1715,2014 SW Aladdin ST,Port Saint Lucie,FL,34953
1716,225 DELMAR AVE,FORT MYERS BEACH,FL,33931
1717,2542 SE MARIPOSA AVE,Port Saint Lucie,FL,34953
1718,4 EASTWOOD DR,PALM COAST,FL,32164
1719,4113 RESIDENCE DR 209,FORT MYERS,FL,33901
1720,421 NW FAIRFAX AVE,Port Saint Lucie,FL,34983
1721,4604 FLAGSHIP DR 403,FORT MYERS,FL,33919
1722,461 SE LANCASTER AVE,Port Saint Lucie,FL,34953
1723,5088 FAIRFIELD DR,FORT MYERS,FL,33919
1724,5211 PINELAND DAISY TRL,FORT MYERS,FL,33905
1725,6232 DEMERY CIR,FORT MYERS,FL,33916
1726,8300 WHISKEY PRESERVE CIR 136,FORT MYERS,FL,33919
1727,8959 SOMERSET BLVD,FORT MYERS,FL,33919
1728,90 WHISPERING PINE DR,PALM COAST,FL,32164
1729,9002 ASTONIA WAY,FORT MYERS,FL,33967
1730,11009 MILL CREEK WAY 1407,FORT MYERS,FL,33913
1731,11511 COMPASS POINT DR,FORT MYERS,FL,33908
1732,122 BRUSHWOOD LN,PALM COAST,FL,32137
1733,14300 RIVA DEL LAGO DR 604,FORT MYERS,FL,33907
1734,144 BROOKSIDE LN,PALM COAST,FL,32137
1735,1544 SE Crowberry DR,Port Saint Lucie,FL,34953
1736,15669 FIDDLESTICKS BLVD,FORT MYERS,FL,33912
1737,1702 SW Buttercup AVE,Port Saint Lucie,FL,34953
1738,1791 SW LEAFY RD,Port Saint Lucie,FL,34953
1739,1849 SE Aneci ST,Port Saint Lucie,FL,34953
1740,2 WHEE PL,PALM COAST,FL,32164
1741,200 LENELL RD 324,FORT MYERS BEACH,FL,33931
1742,2135 SOUTH ST,FORT MYERS,FL,33901
1743,262 SW PARISH TERR,Port Saint Lucie,FL,34953
1744,2808 WEBER BLVD,FORT MYERS,FL,33905
1745,3681 LAKEVIEW ISLE CT,FORT MYERS,FL,33905
1746,45 OCEAN CREST WAY 1012,PALM COAST,FL,32137
1747,481 NE Cornwall AVE,Port Saint Lucie,FL,34953
1748,575 SW Backert AVE,Port Saint Lucie,FL,34953
1749,6 BRUNING LN,PALM COAST,FL,32137
1750,6 FALLEN OAK LN,PALM COAST,FL,32137
1751,6011 LACOTA AVE,FORT MYERS,FL,33905
1752,7116 LAKERIDGE CT 101,FORT MYERS,FL,33907
1753,7133 ALMENDRO TER 2,FORT MYERS,FL,33907
1754,913 SW EUREKA AVE,Port Saint Lucie,FL,34953
1755,11870 LIANA ST 8804,FORT MYERS,FL,33912
1756,130 SE Bella Strano,Port Saint Lucie,FL,34984
1757,14511 DAFFODIL DR 1402,FORT MYERS,FL,33919
1758,14580 DAFFODIL DR 707,FORT MYERS,FL,33919
1759,1797 SW Burlington ST,Port Saint Lucie,FL,34953
1760,2072 SE PARKWOOD CIR,Port Saint Lucie,FL,34953
1761,23 BUFFALO GROVE PL,PALM COAST,FL,32137
1762,26 BLUE OAK LN,PALM COAST,FL,32137
1763,291 PALERMO CIR,FORT MYERS BEACH,FL,33931
1764,318 NW Springview Loop,Port Saint Lucie,FL,34986
1765,3829 WASHINGTON AVE,FORT MYERS,FL,33916
1766,4167 CASTILLA CIR 201,FORT MYERS,FL,33916
1767,4373 SW Darlington ST,Port Saint Lucie,FL,34953
1768,45 FELLOWSHIP DR,PALM COAST,FL,32137
1769,450 SW NAFTAL PL,Port Saint Lucie,FL,34953
1770,5760 NW ESAU AVE,Port Saint Lucie,FL,34953
1771,586 SE Capon Terr,Port Saint Lucie,FL,34953
1772,8239 PROVENCIA CT,FORT MYERS,FL,33912
1773,8646-8660 8646-8660 GLADIOLUS DR,FORT MYERS,FL,33908
1774,87 BECKNER LN,PALM COAST,FL,32137
1775,974 SE Caravan AVE,Port Saint Lucie,FL,34953
1776,9835 ROUNDSTONE CIR,FORT MYERS,FL,33967
1777,1000 CINNAMON BEACH WAY 963,PALM COAST,FL,32137
1778,10018 PACIFIC PINES AVE,FORT MYERS,FL,33966
1779,1028 WITTMAN DR,FORT MYERS,FL,33919
1780,11 LEAF LN,PALM COAST,FL,32137
1781,11041 GULF REFLECTIONS DR 203,FORT MYERS,FL,33908
1782,12 ZEPHYR LILY PL,PALM COAST,FL,32164
1783,1230 SW Amboy AVE,Port Saint Lucie,FL,34953
1784,1251 SW Bayshore BLVD,Port Saint Lucie,FL,34953
1785,1284 SW MOONLITE COVE,Port Saint Lucie,FL,34953
1786,1357 SW GASTADOR AVE,Port Saint Lucie,FL,34953
1787,13971 EAGLE RIDGE LAKES DR 102,FORT MYERS,FL,33912
1788,14 MAHOE DR N,PALM COAST,FL,32137
1789,14030 BROOKSTONE CT,FORT MYERS,FL,33905
1790,14961 REFLECTION KEY CIR 424,FORT MYERS,FL,33907
1791,15 BIRCHWOOD DR,PALM COAST,FL,32137
1792,16615 LAKE CIRCLE DR 426,FORT MYERS,FL,33908
1793,17324 BIRCHWOOD LN,FORT MYERS,FL,33908
1794,18 N PARK CIR,PALM COAST,FL,32137
1795,2130 ANDREA LN,FORT MYERS,FL,33912
1796,22 EDWIN LN,PALM COAST,FL,32164
1797,2213 ALDRIDGE AVE,FORT MYERS,FL,33907
1798,2302 SE TIFFANY AVE,Port Saint Lucie,FL,34953
1799,2592 NATURE POINTE LOOP,FORT MYERS,FL,33905
1800,2646 ROYAL PALM AVE,FORT MYERS,FL,33901
1801,31 COLECHESTER LN,PALM COAST,FL,32137
1802,3891 SW MCCRORY ST,Port Saint Lucie,FL,34953
1803,4010 DELEON ST C1,FORT MYERS,FL,33901
1804,4391 WATERCOLOR WAY,FORT MYERS,FL,33966
1805,4847 HAMPTON CT,FORT MYERS,FL,33907
1806,5 WESTROCK LN,PALM COAST,FL,32164
1807,5497 NW Clark AVE,Port Saint Lucie,FL,34953
1808,61 FANSHAWE LN,PALM COAST,FL,32137
1809,6224 WHISKEY CREEK DR,FORT MYERS,FL,33919
1810,6612 ESTERO BLVD 1001,FORT MYERS BEACH,FL,33931
1811,6777 WINKLER RD 103,FORT MYERS,FL,33919
1812,7 W CLERMONT CT,FORT MYERS,FL,33916
1813,714 NW ORCHID ST,Port Saint Lucie,FL,34953
1814,8471 YORKSHIRE LN,FORT MYERS,FL,33919
1815,8625 CHATHAM ST,FORT MYERS,FL,33907
1816,9998 SW Chadwick DR,Port Saint Lucie,FL,34987
1817,10930 STONINGTON AVE,FORT MYERS,FL,33913
1818,11281 SW Kingslake CIR,Port Saint Lucie,FL,34987
1819,11541 VILLA GRAND 812,FORT MYERS,FL,33913
1820,1155 ROSEBUD AVE, OKEECHOBEE,FL,34974
1821,12450 MCGREGOR WOODS CIR,FORT MYERS,FL,33908
1822,125 SE Fallon DR,Port Saint Lucie,FL,34953
1823,1256 SW Biltmore ST,Port Saint Lucie,FL,34983
1824,12930 NEW MARKET ST 202,FORT MYERS,FL,33913
1825,1332 SE PORT ST LUCIE BLVD,Port Saint Lucie,FL,34953
1826,14531 GRANDE CAY CIR 3004,FORT MYERS,FL,33908
1827,16220 SANDRIFT CT,FORT MYERS,FL,33908
1828,1942 SW SWIFT AVE,Port Saint Lucie,FL,34953
1829,2 EISENHOWER CT,PALM COAST,FL,32164
1830,2398 SE HURLEY CT,Port Saint Lucie,FL,34953
1831,3092 SW LONGLEAF CT,Port Saint Lucie,FL,34953
1832,3243 SE QUAY ST,Port Saint Lucie,FL,34953
1833,4 RYLAND DR,PALM COAST,FL,32164
1834,566 SW GROVE AVE,Port Saint Lucie,FL,34953
1835,6358 PLUMOSA AVE,FORT MYERS,FL,33908
1836,6992 NW HARTNEY WAY,Port Saint Lucie,FL,34953
1837,8156 COUNTRY RD 104,FORT MYERS,FL,33919
1838,85 RIVERVIEW BND S 1521,PALM COAST,FL,32137
1839,874 SW SAIL TERR,Port Saint Lucie,FL,34953
1840,1040 SE LADNER ST,Port Saint Lucie,FL,34953
1841,1050 LAKE MCGREGOR DR 6735,FORT MYERS,FL,33919
1842,10691 SW West Park AVE,Port Saint Lucie,FL,34987
1843,11040 BOMBAY LN,FORT MYERS,FL,33908
1844,1133 SE MENDOZA AVE,Port Saint Lucie,FL,34953
1845,1190 SW HUNNICUT AVE,Port Saint Lucie,FL,34953
1846,12 ZENOBLE PL,PALM COAST,FL,32164
1847,1240 SW JERICHO AVE,Port Saint Lucie,FL,34953
1848,12474 PEBBLE STONE CT,FORT MYERS,FL,33913
1849,12891 SPENCER ST,FORT MYERS,FL,33908
1850,13288 WHITE MARSH LN 3418,FORT MYERS,FL,33912
1851,1419 SW Dimperio AVE,Port Saint Lucie,FL,34953
1852,14801 PARK LAKE DR PH10,FORT MYERS,FL,33919
1853,15051 PUNTA RASSA RD 429,FORT MYERS,FL,33908
1854,15410 MEADOW CIR,FORT MYERS,FL,33908
1855,15645 FIDDLESTICKS BLVD,FORT MYERS,FL,33912
1856,16 OAK VIEW CIR E,PALM COAST,FL,32137
1857,1886 SW Buttercup AVE,Port Saint Lucie,FL,34953
1858,19 SABAL BND,PALM COAST,FL,32137
1859,2621 PURSLANE DR,FORT MYERS,FL,33905
1860,4091 WOODBRIER DR,FORT MYERS,FL,33905
1861,4113 MANDARIN CT,FORT MYERS,FL,33916
1862,4753 ESTERO BLVD 405,FORT MYERS BEACH,FL,33931
1863,5 LEE PL,PALM COAST,FL,32137
1864,5311 SUMMERLIN RD 1113,FORT MYERS,FL,33919
1865,6891 ESTERO BLVD 365,FORT MYERS BEACH,FL,33931
1866,7295/7297 7295/7297 ALBANY RD,FORT MYERS,FL,33967
1867,7360 ESTERO BLVD 504,FORT MYERS BEACH,FL,33931
1868,7563 WOODLAND BEND CIR,FORT MYERS,FL,33912
1869,8686 COLONY TRACE DR,FORT MYERS,FL,33908
1870,9685 SW Chestwood AVE,Port Saint Lucie,FL,34982
1871,97 RYECLIFFE DR,PALM COAST,FL,32164
1872,9942 SW Eastbrook CIR,Port Saint Lucie,FL,34987
1873,11117 OXBRIDGE WAY,FORT MYERS,FL,33913
1874,11364 PASEO DR,FORT MYERS,FL,33912
1875,11415 LAKE CYPRESS LOOP,FORT MYERS,FL,33913
1876,1202 SE EXCALIBER LN B,Port Saint Lucie,FL,34953
1877,14091 BRANT POINT CIR 4406,FORT MYERS,FL,33919
1878,14210 CHETWOOD ST,FORT MYERS,FL,33905
1879,14931 PARK LAKE DR 108,FORT MYERS,FL,33919
1880,16585 LAKE CIRCLE DR 135,FORT MYERS,FL,33908
1881,17010 PORTA VECCHIO WAY 102, NAPLES,FL,34110
1882,17160 HAITIAN DR,FORT MYERS,FL,33967
1883,17956 SAN CARLOS BLVD,FORT MYERS BEACH,FL,33931
1884,18 EASTERLY PL,PALM COAST,FL,32164
1885,1901 CLIFFORD ST 503,FORT MYERS,FL,33901
1886,1920 FRENCH ST,FORT MYERS,FL,33916
1887,2085 SE Berkshire BLVD,Port Saint Lucie,FL,34953
1888,2212 CRYSTAL DR,FORT MYERS,FL,33907
1889,222 HARBOR VILLAGE PT,PALM COAST,FL,32137
1890,2386 SW Chateau Terr,Port Saint Lucie,FL,34953
1891,2590 FIRST ST 213,FORT MYERS,FL,33901
1892,4585 WATERSCAPE LN,FORT MYERS,FL,33966
1893,4634 SW EAGLE ST,Port Saint Lucie,FL,34953
1894,472 SE Dalva AVE,Port Saint Lucie,FL,34953
1895,49 CHANNEL LN,FORT MYERS,FL,33905
1896,5284 NW Dell CT,Port Saint Lucie,FL,34953
1897,5466/5472 5466/5472 SAGO AVE,FORT MYERS,FL,33907
1898,5567 MALT DR 4,FORT MYERS,FL,33907
1899,6304 SUGAR BUSH LN 4,FORT MYERS,FL,33908
1900,69 LA MANCHA DR,PALM COAST,FL,32137
1901,8066 QUEEN PALM LN 542,FORT MYERS,FL,33966
1902,8272 PROVENCIA CT,FORT MYERS,FL,33912
1903,85 COLECHESTER LN,PALM COAST,FL,32137
1904,894 BUTTONWOOD DR 218,FORT MYERS BEACH,FL,33931
1905,91 SMITH TRL,PALM COAST,FL,32164
1906,957 SW NICHOLS TERR,Port Saint Lucie,FL,34953
1907,12359 WOODROSE CT 4,FORT MYERS,FL,33907
1908,14 LYTTON LN,PALM COAST,FL,32137
1909,16411 MILLSTONE CIR 205,FORT MYERS,FL,33908
1910,17245 HIDDEN ESTATES CIR,FORT MYERS,FL,33908
1911,17511 STERLING LAKE DR,FORT MYERS,FL,33967
1912,1938 SE Niceville DR,Port Saint Lucie,FL,34952
1913,2 SEA GREEN PATH,PALM COAST,FL,32164
1914,22775 TINAS LN,FORT MYERS,FL,33913
1915,23 BAYSIDE DR,PALM COAST,FL,32137
1916,2909 ST CHARLES ST,FORT MYERS,FL,33916
1917,340 SW TULIP BLVD,Port Saint Lucie,FL,34953
1918,407 SW FAIRWAY LANDING,Port Saint Lucie,FL,34986
1919,5260 S LANDINGS DR 604,FORT MYERS,FL,33919
1920,5321 SILK OAK AVE,FORT MYERS,FL,33905
1921,549 SW INEZ CT,Port Saint Lucie,FL,34953
1922,5730 TRAILWINDS DR 426,FORT MYERS,FL,33907
1923,5808 NW ERIN AVE,Port Saint Lucie,FL,34953
1924,67 NEW WATER OAK DR,PALM COAST,FL,32137
1925,6852 OVERLOOK DR,FORT MYERS,FL,33919
1926,7100 ESTERO BLVD 5,FORT MYERS BEACH,FL,33931
1927,7741 VICTORIA COVE CT,FORT MYERS,FL,33908
1928,81 PARKWAY DR,PALM COAST,FL,32164
1929,8426 NW Greenbank CIR,Port Saint Lucie,FL,34987
1930,8451 SOUTHBRIDGE DR 3,FORT MYERS,FL,33967
1931,9 FERN CT,PALM COAST,FL,32137
1932,915 NORTH ST,FORT MYERS BEACH,FL,33931
1933,9191 MARIGOLD CT,FORT MYERS,FL,33919
1934,9647 HEMINGWAY LN 3406,FORT MYERS,FL,33913
1935,10080 SW Roehampton CT,Port Saint Lucie,FL,34987
1936,10313 VIA COLOMBA CIR,FORT MYERS,FL,33966
1937,11031 CASTLEREAGH ST,FORT MYERS,FL,33913
1938,13621 EAGLE RIDGE DR 1536,FORT MYERS,FL,33912
1939,1401 SW California BLVD,Port Saint Lucie,FL,34953
1940,14031 SHIMMERING LAKE CT,FORT MYERS,FL,33907
1941,14520 FARRINGTON WAY 205,FORT MYERS,FL,33912
1942,14851 BLACKBIRD LN,FORT MYERS,FL,33919
1943,154 SW Hidden Cove WAY,Port Saint Lucie,FL,34986
1944,1657 SW Bascom AVE,Port Saint Lucie,FL,34953
1945,16615 LAKE CIRCLE DR 411,FORT MYERS,FL,33908
1946,1807 SW Porta Nuova Terr,Port Saint Lucie,FL,34953
1947,1896/1898 1896/1898 HANSON ST,FORT MYERS,FL,33901
1948,19681 SUMMERLIN RD 470,FORT MYERS,FL,33908
1949,2 BOSTON LN,PALM COAST,FL,32137
1950,2 RIVERSIDE LN,PALM COAST,FL,32164
1951,2131 SW Colwell AVE,Port Saint Lucie,FL,34953
1952,242 PINE GROVE DR,PALM COAST,FL,32164
1953,331 NE GENESEE AVE,Port Saint Lucie,FL,34953
1954,4 PRESCOTT LN,PALM COAST,FL,32164
1955,404 SE Fascino CIR,Port Saint Lucie,FL,34984
1956,417 SW Vista Lake DR,Port Saint Lucie,FL,34953
1957,4280 SW Darwin BLVD,Port Saint Lucie,FL,34953
1958,439 SW HORSESHOE BAY,Port Saint Lucie,FL,34953
1959,47 ZONAL GERANIUM TRL,PALM COAST,FL,32164
1960,49 SLIPPER TRL,PALM COAST,FL,32164
1961,501 SW Date TER,Port Saint Lucie,FL,34953
1962,5844 CAPE ISLAND DR 3,FORT MYERS,FL,33919
1963,5990 NW Baynard DR,Port Saint Lucie,FL,34953
1964,7256 SUGAR PALM CT,FORT MYERS,FL,33966
1965,9037 HENRY RD,FORT MYERS,FL,33967
1966,10 FERBER LN,PALM COAST,FL,32137
1967,10361 BUTTERFLY PALM DR 742,FORT MYERS,FL,33966
1968,12376 GREEN STONE CT,FORT MYERS,FL,33913
1969,132 FENIMORE LN,PALM COAST,FL,32137
1970,14501 LEGENDS BLVD N 304,FORT MYERS,FL,33912
1971,148 ADRIENNE DR,FORT MYERS,FL,33908
1972,15070 HAWKS SHADOW DR,FORT MYERS,FL,33905
1973,1825 HENDERSON AVE,FORT MYERS,FL,33916
1974,1837 SW GRANT AVE,Port Saint Lucie,FL,34953
1975,2 BURMA PL,PALM COAST,FL,32137
1976,20 EMERALD LAKE DR,PALM COAST,FL,32137
1977,2167 SE Glenrock Terr,Port Saint Lucie,FL,34953
1978,243 SE DWIGHT AVE,Port Saint Lucie,FL,34953
1979,2432 SE ROCK SPRINGS DR,Port Saint Lucie,FL,34953
1980,2841 SE Calvin ST,Port Saint Lucie,FL,34953
1981,355 SW KESTOR DR,Port Saint Lucie,FL,34953
1982,3835 HILLANDALE ST,FORT MYERS,FL,33905
1983,426 SE WALTERS TERR,Port Saint Lucie,FL,34953
1984,5316 N OCEAN SHORE BLVD,PALM COAST,FL,32137
1985,65 RIVERVIEW BND S 1732,PALM COAST,FL,32137
1986,6752 PLANTATION PINES BLVD,FORT MYERS,FL,33966
1987,692 SE VOLTAIR TERR,Port Saint Lucie,FL,34953
1988,72 PORCUPINE DR,PALM COAST,FL,32164
1989,8031 NW Greenbank CIR,Port Saint Lucie,FL,34987
1990,9 WHITNEY PL,PALM COAST,FL,32164
1991,9 PRINCE MANFRED PL,PALM COAST,FL,32164
1992,9285 LAKE PARK DR 102,FORT MYERS,FL,33919
1993,9950 INTERSTATE COMMERCE DR,FORT MYERS,FL,33908
1994,1 LINDBERG LN,PALM COAST,FL,32137
1995,10005 RAVELLO BLVD,FORT MYERS,FL,33905
1996,119 LAGUNA FOREST TRL,PALM COAST,FL,32164
1997,1238 HAZELTINE DR,FORT MYERS,FL,33919
1998,13106 CARIBBEAN BLVD,FORT MYERS,FL,33905
1999,13170 BELLA CASA CIR 399,FORT MYERS,FL,33966
2000,14 EMILY PL,PALM COAST,FL,32137
2001,1511 ESTERO BLVD 304,FORT MYERS BEACH,FL,33931
2002,15760 PINE RIDGE RD,FORT MYERS,FL,33908
2003,1671 SE OCEAN LN,Port Saint Lucie,FL,34953
2004,19 FLANDERS LN,PALM COAST,FL,32137
2005,21 EDWARD DR,PALM COAST,FL,32164
2006,26 FILLMORE LN,PALM COAST,FL,32137
2007,27 POINSETTIA LN,PALM COAST,FL,32164
2008,2745 FIRST ST 112,FORT MYERS,FL,33916
2009,3151 PRICE AVE,FORT MYERS,FL,33916
2010,36 POPLAR DR,PALM COAST,FL,32164
2011,3640 LAKEVIEW ISLE CT,FORT MYERS,FL,33905
2012,4523 TICE ST,FORT MYERS,FL,33905
2013,47 BECKNER LN,PALM COAST,FL,32137
2014,55 PLAZA DR 4,PALM COAST,FL,32137
2015,561/563 561/563 FIGUERA AVE,FORT MYERS,FL,33905
2016,625 SE Damask AVE,Port Saint Lucie,FL,34953
2017,662 NW Bayshore BLVD,Port Saint Lucie,FL,34953
2018,6802 NW Abadan ST,Port Saint Lucie,FL,34953
2019,7232 COCA SABAL LN,FORT MYERS,FL,33908
2020,7237 COCA SABAL LN,FORT MYERS,FL,33908
2021,8540 OAKSHADE CIR 1,FORT MYERS,FL,33919
2022,10163 SW Fernwood AVE,Port Saint Lucie,FL,34987
2023,11 FAYETTE LN,PALM COAST,FL,32137
2024,11245 BIENVENIDA CT 12B,FORT MYERS,FL,33908
2025,11920 PASEO GRANDE BLVD 4106,FORT MYERS,FL,33912
2026,13150 RADCLIFFE DR,FORT MYERS,FL,33966
2027,140 ESTERO BLVD 2111,FORT MYERS BEACH,FL,33931
2028,1402 SE FLORESTA DR,Port Saint Lucie,FL,34953
2029,14291 HICKORY LINKS CT 1511,FORT MYERS,FL,33912
2030,15051 PUNTA RASSA RD 345,FORT MYERS,FL,33908
2031,17 RYALL LN,PALM COAST,FL,32164
2032,1761 SE Airoso BLVD,Port Saint Lucie,FL,34953
2033,19 LANSING LN,PALM COAST,FL,32137
2034,19065 BARTOW BLVD,FORT MYERS,FL,33967
2035,193 SW RIDGECREST DR,Port Saint Lucie,FL,34953
2036,23 PANORAMA DR,PALM COAST,FL,32164
2037,24 CEDARWOOD CT,PALM COAST,FL,32137
2038,2491 SW WAIKIKI ST,Port Saint Lucie,FL,34953
2039,3002 PALMETTO OAK DR 107,FORT MYERS,FL,33916
2040,3611 SW VOYAGER ST,Port Saint Lucie,FL,34953
2041,3778 UNIQUE CIR,FORT MYERS,FL,33908
2042,39 POSTMAN LN,PALM COAST,FL,32164
2043,4034 SW Canrady ST,Port Saint Lucie,FL,34953
2044,42 WESTMILL LN,PALM COAST,FL,32164
2045,4253 BAY BEACH LN F3,FORT MYERS BEACH,FL,33931
2046,4338 ORANGEWOOD AVE,FORT MYERS,FL,33901
2047,4411 CORTINA CIR 621,FORT MYERS,FL,33916
2048,68 RYMSHAW DR,PALM COAST,FL,32164
2049,73 BIRD OF PARADISE DR,PALM COAST,FL,32137
2050,8113 PACIFIC BEACH DR,FORT MYERS,FL,33966
2051,8140 COUNTRY RD 103,FORT MYERS,FL,33919
2052,8884 BANYAN COVE CIR,FORT MYERS,FL,33919
2053,9 COLONY CT,PALM COAST,FL,32137
2054,1101 SW Abingdon AVE,Port Saint Lucie,FL,34953
2055,11130 HARBOUR YACHT CT 13C,FORT MYERS,FL,33908
2056,11611 CARAWAY LN 3172,FORT MYERS,FL,33908
2057,11907 WHITE STONE DR,FORT MYERS,FL,33913
2058,121 FRONT ST,PALM COAST,FL,32137
2059,124 SW Peacock BLVD 13-101,Port Saint Lucie,FL,34986
2060,128 BAY MAR DR,FORT MYERS BEACH,FL,33931
2061,13240 WHITE MARSH LN 3127,FORT MYERS,FL,33912
2062,1450 SE NORTH BALCOURT CT,Port Saint Lucie,FL,34953
2063,14513 ABACO LAKES DR 203,FORT MYERS,FL,33908
2064,14751 HOLE IN ONE CIR 108,FORT MYERS,FL,33919
2065,156 SW PARISH TERR,Port Saint Lucie,FL,34953
2066,1561 SE Berkshire BLVD,Port Saint Lucie,FL,34953
2067,19634 TESORO WAY,FORT MYERS,FL,33967
2068,2084 SE HIDEAWAY CIR,Port Saint Lucie,FL,34953
2069,21 ARMAND BEACH DR,PALM COAST,FL,32137
2070,21 ROXBURY LN,PALM COAST,FL,32164
2071,220 MANATEE ST,FORT MYERS,FL,33913
2072,2602 SE GRAND DR,Port Saint Lucie,FL,34953
2073,3 WESTLEE PL,PALM COAST,FL,32164
2074,3303 SE SANDPIPER CIR,Port Saint Lucie,FL,34952
2075,3641 HIGHLAND AVE,FORT MYERS,FL,33916
2076,38 WHITE DOVE LN,PALM COAST,FL,32164
2077,39 EASTWOOD DR,PALM COAST,FL,32164
2078,40 RIDDLE DR,PALM COAST,FL,32164
2079,5311 PARK RD,FORT MYERS,FL,33908
2080,546 SE Tramonto ST,Port Saint Lucie,FL,34984
2081,6121 NW Densaw Terr,Port Saint Lucie,FL,34953
2082,651 SW DWIGHT AVE,Port Saint Lucie,FL,34953
2083,774 SW Dalton CIR,Port Saint Lucie,FL,34953
2084,822 SW MONICA ST,Port Saint Lucie,FL,34953
2085,9320 WATER LILY CT 503,FORT MYERS,FL,33919
2086,9599 HALYARDS CT 23,FORT MYERS,FL,33919
2087,9963 COUNTRY OAKS DR,FORT MYERS,FL,33967
2088,10 RYMSEN LN,PALM COAST,FL,32164
2089,10420 WINE PALM RD 5423,FORT MYERS,FL,33966
2090,125 NW Swann Mill CIR,Port Saint Lucie,FL,34986
2091,1344 MAYFAIR TER,FORT MYERS,FL,33919
2092,14036 CASTLE HILL WAY,FORT MYERS,FL,33919
2093,16081 S PEBBLE LN,FORT MYERS,FL,33912
2094,17286 HIDDEN ESTATES CIR,FORT MYERS,FL,33908
2095,2133 SW MEDLOCK AVE,Port Saint Lucie,FL,34953
2096,22 ROLLINS DUNES DR,PALM COAST,FL,32137
2097,2226 SW Alminar ST,Port Saint Lucie,FL,34953
2098,2317 SW Cooper LN,Port Saint Lucie,FL,34953
2099,3001 DUNBAR AVE,FORT MYERS,FL,33916
2100,3011-3027 3011-3027 BROADWAY,FORT MYERS,FL,33901
2101,3433 SE Bevil AVE,Port Saint Lucie,FL,34953
2102,36 BUTTERMILL DR,PALM COAST,FL,32137
2103,4265 BAY BEACH LN 624,FORT MYERS BEACH,FL,33931
2104,44 FRENEAU LN,PALM COAST,FL,32137
2105,574 SW LAKOTA AVE,Port Saint Lucie,FL,34953
2106,6 ROLLING FERN PL,PALM COAST,FL,32164
2107,61 BREWSTER LN,PALM COAST,FL,32137
2108,61 FEDERAL LN,PALM COAST,FL,32137
2109,8361 VILLAGE EDGE CIR 1,FORT MYERS,FL,33919
2110,862 SW Rocky Bayou TER,Port Saint Lucie,FL,34986
2111,10080 SW Fernwood AVE,Port Saint Lucie,FL,34987
2112,10091 LAKE COVE DR 201,FORT MYERS,FL,33908
2113,11 AVENUE DE LA MER 1304,PALM COAST,FL,32137
2114,110 POINT PLEASANT DR,PALM COAST,FL,32164
2115,13190 BELLA CASA CIR 146,FORT MYERS,FL,33966
2116,14 ROSEPETAL LN,PALM COAST,FL,32164
2117,14710 EAGLE RIDGE DR 128,FORT MYERS,FL,33912
2118,14838 PARADIGM CT,FORT MYERS,FL,33919
2119,15101 STELLA DEL MAR LN,FORT MYERS,FL,33908
2120,15111 S MALLARD LN,FORT MYERS,FL,33913
2121,1526 SE HATFIELD CT,Port Saint Lucie,FL,34952
2122,1756 SUNSET PL,FORT MYERS,FL,33901
2123,19 AVENUE DE LA MER 406,PALM COAST,FL,32137
2124,195 SW MILBURN CIR,Port Saint Lucie,FL,34953
2125,2243 HARVARD AVE,FORT MYERS,FL,33907
2126,2443 SE WALD ST,Port Saint Lucie,FL,34953
2127,27 PROVIDENCE LN,PALM COAST,FL,32164
2128,279/281 279/281 VIRGINIA AVE,FORT MYERS BEACH,FL,33931
2129,2911 SE MORNINGSIDE BLVD,Port Saint Lucie,FL,34953
2130,30 PERTHSHIRE LN,PALM COAST,FL,32164
2131,3227 SE Braemar WAY,Port Saint Lucie,FL,34952
2132,3835 HEYBURN ST,FORT MYERS,FL,33905
2133,4540 OHIO AVE,FORT MYERS,FL,33905
2134,4770 ESTERO BLVD 309,FORT MYERS BEACH,FL,33931
2135,6417 NW FRIENDLY CIR,Port Saint Lucie,FL,34953
2136,642 SW MILLARD DR,Port Saint Lucie,FL,34953
2137,674 NW KILDARE ST,Port Saint Lucie,FL,34953
2138,675 SE HARBOR VIEW DR,Port Saint Lucie,FL,34953
2139,767 NE Turtleback TRL,Port Saint Lucie,FL,34983
2140,8 RENWORTH LN,PALM COAST,FL,32164
2141,8481 SOUTHBRIDGE DR 3,FORT MYERS,FL,33967
2142,9 COTTONTON CT,PALM COAST,FL,32137
2143,9321 TRIANA TER 81,FORT MYERS,FL,33912
2144,10 WESTLEE LN,PALM COAST,FL,32164
2145,11486 SW Rockingham DR,Port Saint Lucie,FL,34987
2146,12 BUFFALO VIEW LN,PALM COAST,FL,32137
2147,1225 SW JANETTE AVE,Port Saint Lucie,FL,34953
2148,12471 OAK BEND DR,FORT MYERS,FL,33905
2149,14340 BRISTOL BAY PL 106,FORT MYERS,FL,33912
2150,14531 OCEAN BLUFF DR,FORT MYERS,FL,33908
2151,14571 LEGENDS BLVD N 201,FORT MYERS,FL,33912
2152,15101 MEADOW CIR,FORT MYERS,FL,33908
2153,1536 CORDOVA AVE,FORT MYERS,FL,33901
2154,156 LARAMIE DR,PALM COAST,FL,32137
2155,15850 PORTOFINO SPRINGS BLVD 101,FORT MYERS,FL,33908
2156,1672 RUDY CT,FORT MYERS,FL,33901
2157,1791 SW Bismarck ST,Port Saint Lucie,FL,34953
2158,2026 SW Brisbane ST,Port Saint Lucie,FL,34953
2159,2462 SE ROCK SPRINGS DR,Port Saint Lucie,FL,34953
2160,27 FARISTON PL,PALM COAST,FL,32137
2161,27 RIVER LANDING DR,PALM COAST,FL,32137
2162,28 MILDRED DR,FORT MYERS,FL,33901
2163,29 NORTHSHORE AVE,PALM COAST,FL,32137
2164,3225 SW Constellation RD,Port Saint Lucie,FL,34953
2165,3851 SW KOBER RD,Port Saint Lucie,FL,34953
2166,436 NW Sunview WAY,Port Saint Lucie,FL,34986
2167,440 SW Aster RD,Port Saint Lucie,FL,34953
2168,49 BRITTANY LN,PALM COAST,FL,32137
2169,5229 CYPRESS TRAIL RESORT CIR,FORT MYERS,FL,33905
2170,5359 NW West Lanett CIR,Port Saint Lucie,FL,34986
2171,5814 NW Burney ST,Port Saint Lucie,FL,34953
2172,66 RYBERRY DR,PALM COAST,FL,32164
2173,7904 EAGLES FLIGHT LN,FORT MYERS,FL,33912
2174,8296 TAHITI RD,FORT MYERS,FL,33967
2175,846 WOODRIDGE CIR,FORT MYERS,FL,33913
2176,8859 KING HENRY CT,FORT MYERS,FL,33908
2177,10426 SPRUCE PINE CT,FORT MYERS,FL,33913
2178,10771 BRAHMA RD,FORT MYERS,FL,33905
2179,11118 S CLEVELAND AVE,FORT MYERS,FL,33907
2180,11400 OCEAN WALK LN 212,FORT MYERS,FL,33908
2181,134 SW LANCASTER AVE,Port Saint Lucie,FL,34953
2182,14 BOULDER ROCK DR,PALM COAST,FL,32137
2183,14831 DAVID DR,FORT MYERS,FL,33908
2184,14927 MARTIN DR,FORT MYERS,FL,33908
2185,15 N LAKEWALK DR,PALM COAST,FL,32137
2186,166 SW MEADE CIR,Port Saint Lucie,FL,34953
2187,200 RIVERFRONT DR A101,PALM COAST,FL,32137
2188,2157 SW MONTERREY LN,Port Saint Lucie,FL,34953
2189,2195 SANTIAGO AVE,FORT MYERS,FL,33905
2190,324 PRATHER DR,FORT MYERS,FL,33919
2191,33 PRESIDENT LN,PALM COAST,FL,32164
2192,4313 SW GAGNON RD,Port Saint Lucie,FL,34953
2193,5482 PEPPERTREE DR,FORT MYERS,FL,33908
2194,5785 BEECHWOOD TRL,FORT MYERS,FL,33919
2195,6 WOOD ACRE LN,PALM COAST,FL,32164
2196,730 SE HOLLAHAN AVE,Port Saint Lucie,FL,34953
2197,7591 KEY DEER CT,FORT MYERS,FL,33966
2198,8 WATERMILL PL,PALM COAST,FL,32164
2199,8067 QUEEN PALM LN 626,FORT MYERS,FL,33966
2200,8810 CONFERENCE DR,FORT MYERS,FL,33919
2201,8812 MAPLE GLEN CIR,FORT MYERS,FL,33912
2202,971 SW Bellevue AVE,Port Saint Lucie,FL,34953
2203,11778 SW Bennington CIR,Port Saint Lucie,FL,34987
2204,12531 OAK BEND DR,FORT MYERS,FL,33905
2205,13 FAIRMONT LN,PALM COAST,FL,32137
2206,162 SW THANKSGIVING AVE,Port Saint Lucie,FL,34953
2207,166 NW Swann Mill CIR,Port Saint Lucie,FL,34986
2208,1665 SE HARP LN,Port Saint Lucie,FL,34953
2209,1699 MCGREGOR RESERVE DR,FORT MYERS,FL,33901
2210,17573 ORIOLE RD,FORT MYERS,FL,33967
2211,22604 ISLAND PINES WAY 2504,FORT MYERS BEACH,FL,33931
2212,274 YORKSHIRE AVE,FORT MYERS,FL,33908
2213,2945 ESTERO BLVD 41,FORT MYERS BEACH,FL,33931
2214,3537 SW SAN BENITO ST,Port Saint Lucie,FL,34953
2215,3871 SW RAMSPECK ST,Port Saint Lucie,FL,34953
2216,442 NW Concord DR,Port Saint Lucie,FL,34953
2217,4435/4437 4435/4437 GREENWOOD AVE,FORT MYERS,FL,33905
2218,531 SW Banks TER,Port Saint Lucie,FL,34953
2219,55 ISLAND ESTATES PKWY,PALM COAST,FL,32137
2220,6020 THORPE AVE,FORT MYERS,FL,33905
2221,10270 WASHINGTONIA PALM WAY 2222,FORT MYERS,FL,33966
2222,10943 GLENHURST ST,FORT MYERS,FL,33913
2223,11001 GULF REFLECTIONS DR 402,FORT MYERS,FL,33908
2224,1249 BUELL AVE,FORT MYERS,FL,33913
2225,12514 STONE TOWER LOOP,FORT MYERS,FL,33913
2226,12670 KENWOOD LN B,FORT MYERS,FL,33907
2227,14970 VISTA VIEW WAY 308,FORT MYERS,FL,33919
2228,1513 SE HOLYROOD LN,Port Saint Lucie,FL,34952
2229,1602 SW MACKEY AVE,Port Saint Lucie,FL,34953
2230,1709 SW Barona ST,Port Saint Lucie,FL,34953
2231,18246 LEE RD,FORT MYERS,FL,33967
2232,2090 W FIRST ST F2506,FORT MYERS,FL,33901
2233,21 EMERALD LAKE CT,PALM COAST,FL,32137
2234,2141 SE MORNINGSIDE BLVD,Port Saint Lucie,FL,34953
2235,24 PEPPER LN,PALM COAST,FL,32164
2236,2560 ESTERO BLVD 1C,FORT MYERS BEACH,FL,33931
2237,2840 PARKER AVE,FORT MYERS,FL,33905
2238,317 NW Somerset CIR,Port Saint Lucie,FL,34983
2239,331 SE Crosspoint DR,Port Saint Lucie,FL,34953
2240,3820 MADISON AVE,FORT MYERS,FL,33916
2241,3856/3858 3856/3858 HILLANDALE ST,FORT MYERS,FL,33905
2242,3901 SW Cheribon ST,Port Saint Lucie,FL,34953
2243,5300 ESTERO BLVD,FORT MYERS BEACH,FL,33931
2244,5303 SUMMERLIN RD 307,FORT MYERS,FL,33919
2245,7406 LAKE BREEZE DR 618,FORT MYERS,FL,33907
2246,7454 SEA ISLAND RD,FORT MYERS,FL,33967
2247,8430 SOUTHBRIDGE DR 1,FORT MYERS,FL,33967
2248,9451 SARDINIA WAY 108,FORT MYERS,FL,33908
2249,1 BUTTONWOOD PL,PALM COAST,FL,32137
2250,10 CALUSA CT,PALM COAST,FL,32137
2251,10080 LAKE COVE DR 202,FORT MYERS,FL,33908
2252,10231 AVALON LAKE CIR,FORT MYERS,FL,33913
2253,1100 SE MITCHELL AVE 801,Port Saint Lucie,FL,34952
2254,1129 SW SWAN LAKE CIR 402,Port Saint Lucie,FL,34953
2255,11511 VILLA GRAND 504,FORT MYERS,FL,33913
2256,11731 SW Crestwood CIR,Port Saint Lucie,FL,34987
2257,123 HERNANDEZ AVE,PALM COAST,FL,32137
2258,13 PATUXENT PL,PALM COAST,FL,32164
2259,1360 SEVILLE WAY,FORT MYERS,FL,33919
2260,14354 HARBOUR LINKS CT 3A,FORT MYERS,FL,33908
2261,15406 BRIARCREST CIR,FORT MYERS,FL,33912
2262,1717 OAK DR,FORT MYERS,FL,33907
2263,17982 OAKMONT RIDGE CIR,FORT MYERS,FL,33967
2264,18429 HUCKLEBERRY RD,FORT MYERS,FL,33967
2265,2088 ESTERO BLVD 4E,FORT MYERS BEACH,FL,33931
2266,2173 SW GAILWOOD ST,Port Saint Lucie,FL,34953
2267,22 GARDEN DR,FORT MYERS,FL,33908
2268,2312 SE SURREY PL,Port Saint Lucie,FL,34953
2269,2501 SE VICTORY AVE,Port Saint Lucie,FL,34953
2270,2775 N AIRPORT RD 105,FORT MYERS,FL,33907
2271,315 SW BECKER RD,Port Saint Lucie,FL,34953
2272,4942 TICE ST,FORT MYERS,FL,33905
2273,510 CINNAMON BEACH LN,PALM COAST,FL,32137
2274,52 BANNBURY LN,PALM COAST,FL,32137
2275,5263 NW East Delwood DR,Port Saint Lucie,FL,34986
2276,5309 SUMMERLIN RD 903,FORT MYERS,FL,33919
2277,6 SEVERN CT,PALM COAST,FL,32164
2278,7529 NW Deysbrook LN,Port Saint Lucie,FL,34987
2279,76 RIVERS EDGE LN,PALM COAST,FL,32137
2280,8725 BANYAN BAY BLVD,FORT MYERS,FL,33908
2281,9211 CLOVE CT,FORT MYERS,FL,33919
2282,9307 CROCUS CT,FORT MYERS,FL,33967
2283,102 YACHT HARBOR DR 0180,PALM COAST,FL,32137
2284,12851 NEW MARKET ST,FORT MYERS,FL,33913
2285,1290 NW Bentley CIR A,Port Saint Lucie,FL,34986
2286,13 LEMAY PL,PALM COAST,FL,32137
2287,14680 EDEN ST,FORT MYERS,FL,33908
2288,15 RED OAK PL,PALM COAST,FL,32164
2289,16225 GRACE CT,FORT MYERS,FL,33913
2290,1710/1740 1710/1740 ESTERO BLVD,FORT MYERS BEACH,FL,33931
2291,1850 SW Del Rio BLVD,Port Saint Lucie,FL,34953
2292,1857 SE WEXFORD CT,Port Saint Lucie,FL,34953
2293,205 TROPICAL SHORES WAY,FORT MYERS BEACH,FL,33931
2294,24 PRATTWOOD LN,PALM COAST,FL,32164
2295,260 LISETTE ST,FORT MYERS,FL,33913
2296,2831 WEST RD,FORT MYERS,FL,33905
2297,2958 SW ORTEGA ST,Port Saint Lucie,FL,34953
2298,3101 SE OVERBROOK DR,Port Saint Lucie,FL,34953
2299,4327 SW Calah CIR,Port Saint Lucie,FL,34953
2300,4586 TRAWLER CT 106,FORT MYERS,FL,33919
2301,5135 COLBERT LN,PALM COAST,FL,32137
2302,6199 NW Helmsdale WAY,Port Saint Lucie,FL,34983
2303,6701 FAIRVIEW ST,FORT MYERS,FL,33966
2304,6740 SEMINOLE AVE,FORT MYERS,FL,33905
2305,7080 BUCKS LN,FORT MYERS,FL,33912
2306,7150 GOLDEN EAGLE CT 221,FORT MYERS,FL,33912
2307,77 BURBANK DR,PALM COAST,FL,32137
2308,860 SW Munjack CIR,Port Saint Lucie,FL,34986
2309,9807 GLADIOLUS BULB LOOP,FORT MYERS,FL,33908
2310,10 BROADMORE CIR,PALM COAST,FL,32137
2311,107 NW DORCHESTER ST,Port Saint Lucie,FL,34953
2312,13060 IDYLWILD RD,FORT MYERS,FL,33905
2313,14 LUDLOW LN E,PALM COAST,FL,32137
2314,147 NW Berkeley AVE,Port Saint Lucie,FL,34986
2315,14817 LAGUNA DR 403,FORT MYERS,FL,33908
2316,15655 OCEAN WALK CIR 204,FORT MYERS,FL,33908
2317,1587 WHISKEY CREEK DR,FORT MYERS,FL,33919
2318,16224 CUTTERS CT,FORT MYERS,FL,33908
2319,16445 SAN CARLOS BLVD,FORT MYERS,FL,33908
2320,1681 SE LENNARD RD,Port Saint Lucie,FL,34953
2321,18361 FUCHSIA RD,FORT MYERS,FL,33967
2322,1888 SE High Springs DR,Port Saint Lucie,FL,34952
2323,23 COLUMBIA LN,PALM COAST,FL,32137
2324,2315 SW KENT CIR,Port Saint Lucie,FL,34953
2325,3 LINDBERG PL,PALM COAST,FL,32137
2326,3256 SW ESPERANTO ST,Port Saint Lucie,FL,34953
2327,35 RAE DR,PALM COAST,FL,32164
2328,362 NW REBECCA AVE,Port Saint Lucie,FL,34953
2329,362 SW TULIP BLVD,Port Saint Lucie,FL,34953
2330,481 SE NOME DR,Port Saint Lucie,FL,34953
2331,49 COOL WATER CT,PALM COAST,FL,32137
2332,5296 NW RUGBY DR,Port Saint Lucie,FL,34953
2333,5960 NW FAVIAN AVE,Port Saint Lucie,FL,34953
2334,5993 NW Baynard DR,Port Saint Lucie,FL,34953
2335,6268 FOXFIRE LN,FORT MYERS,FL,33912
2336,6849 NW DRAGON ST,Port Saint Lucie,FL,34953
2337,7211 ALBANY RD,FORT MYERS,FL,33967
2338,7500 ESTERO BLVD 102,FORT MYERS BEACH,FL,33931
2339,779 SE Atlantus AVE,Port Saint Lucie,FL,34953
2340,9159 CALOOSA RD,FORT MYERS,FL,33967
2341,950 SE Bayfront AVE,Port Saint Lucie,FL,34953
2342,10063 RAMBLEWOOD CT,FORT MYERS,FL,33905
2343,12090 BLASINGIM RD,FORT MYERS,FL,33966
2344,124 NW Catania CIR,Port Saint Lucie,FL,34986
2345,12420 PEBBLE STONE CT,FORT MYERS,FL,33913
2346,13009 FIRST ST,FORT MYERS,FL,33905
2347,13780 JULIAS WAY 1011,FORT MYERS,FL,33919
2348,1401 SW MALAGA AVE,Port Saint Lucie,FL,34953
2349,14570 DAFFODIL DR 803,FORT MYERS,FL,33919
2350,1522 SW MERCHANT LN,Port Saint Lucie,FL,34953
2351,1556 NW Amherst DR,Port Saint Lucie,FL,34986
2352,1649 SW NEPTUNE AVE,Port Saint Lucie,FL,34953
2353,16529 HERON COACH WAY,FORT MYERS,FL,33908
2354,1981 SW DORADO LN,Port Saint Lucie,FL,34953
2355,2 PINE GROVE DR,PALM COAST,FL,32164
2356,20 PORT LN,PALM COAST,FL,32164
2357,200 LENELL RD 227,FORT MYERS BEACH,FL,33931
2358,2006 W FIRST ST,FORT MYERS,FL,33901
2359,203 MANATEE ST,FORT MYERS,FL,33913
2360,2099 SE WATERCREST ST,Port Saint Lucie,FL,34953
2361,225 BLACKSTONE DR,FORT MYERS,FL,33913
2362,3 SHERBURY CT,PALM COAST,FL,32137
2363,302 SW EYERLY AVE,Port Saint Lucie,FL,34953
2364,3450 VERONICA S SHOEMAKER BLVD,FORT MYERS,FL,33916
2365,410 ADAMS AVE,FORT MYERS,FL,33905
2366,420 SE SKIPPER LN,Port Saint Lucie,FL,34953
2367,5 LEE DR,PALM COAST,FL,32137
2368,55 ULMACEAL PATH,PALM COAST,FL,32164
2369,5770 ZIP DR,FORT MYERS,FL,33905
2370,6913 PAR WAY,FORT MYERS,FL,33919
2371,7 ROLLAND LN,PALM COAST,FL,32164
2372,7300 ESTERO BLVD 1104,FORT MYERS BEACH,FL,33931
2373,75 COMANCHE CT,PALM COAST,FL,32137
2374,91 HAMMOCK BEACH CIR N,PALM COAST,FL,32137
2375,1043 SW MATARO AVE,Port Saint Lucie,FL,34953
2376,1102 SW KAPOK AVE,Port Saint Lucie,FL,34953
2377,1166 SW HAMROCK AVE,Port Saint Lucie,FL,34953
2378,12090 LUCCA ST 201,FORT MYERS,FL,33966
2379,12561 EQUESTRIAN CIR 815,FORT MYERS,FL,33907
2380,12745 KEDLESTON CIR,FORT MYERS,FL,33912
2381,1790 SW ERIE ST,Port Saint Lucie,FL,34953
2382,19079 EVERGREEN RD,FORT MYERS,FL,33967
2383,1947 KNIGHT ST,FORT MYERS,FL,33916
2384,203 SE SIMS CIR,Port Saint Lucie,FL,34953
2385,2157 SE GENOA ST,Port Saint Lucie,FL,34953
2386,2366 SW Marshfield CT,Port Saint Lucie,FL,34953
2387,2401 SE Aneci ST,Port Saint Lucie,FL,34953
2388,2800 ESTERO BLVD 804,FORT MYERS BEACH,FL,33931
2389,4294 SE Brittney CIR,Port Saint Lucie,FL,34952
2390,46 WOOD CEDAR DR,PALM COAST,FL,32164
2391,4855 DOLPHIN LN,FORT MYERS BEACH,FL,33931
2392,51 WOODWARD LN,PALM COAST,FL,32164
2393,5554 NATOMA DR,FORT MYERS,FL,33919
2394,6 FIRETHORN LN,PALM COAST,FL,32137
2395,904 ZANA DR,FORT MYERS,FL,33905
2396,92 BUTTONWORTH DR,PALM COAST,FL,32137
2397,9970 SAILVIEW CT 20,FORT MYERS,FL,33905
2398,1 PITT LN,PALM COAST,FL,32164
2399,1146 10TH ST, OKEECHOBEE,FL,34974
2400,12185 CORCORAN PL,FORT MYERS,FL,33913
2401,13 BLACK HAWK PL,PALM COAST,FL,32137
2402,13 RED OAK PL,PALM COAST,FL,32164
2403,14 EVANS DR,PALM COAST,FL,32164
2404,142 BLARE DR,PALM COAST,FL,32137
2405,14343 CRISTOBAL ST,FORT MYERS,FL,33905
2406,1453 SADDLE WOODE DR 5G,FORT MYERS,FL,33919
2407,14531 FARRINGTON WAY 201,FORT MYERS,FL,33912
2408,14571 LAGUNA DR,FORT MYERS,FL,33908
2409,1733 SW Cremona ST,Port Saint Lucie,FL,34953
2410,19620 OAK FOREST DR,FORT MYERS,FL,33967
2411,2070 BRAMAN AVE,FORT MYERS,FL,33901
2412,2166 KATHERINE ST,FORT MYERS,FL,33901
2413,22 RYBAR LN,PALM COAST,FL,32164
2414,2281 CLIFFORD ST,FORT MYERS,FL,33901
2415,23 PRESTWICK LN,PALM COAST,FL,32164
2416,2410 SE GRAND DR,Port Saint Lucie,FL,34953
2417,2418 KENT AVE,FORT MYERS,FL,33907
2418,300 CANOPY WALK LN 341,PALM COAST,FL,32137
2419,31 EDISON LN,PALM COAST,FL,32164
2420,330 SHORELAND DR,FORT MYERS,FL,33905
2421,41 REGENT LN,PALM COAST,FL,32164
2422,4341 BAY BEACH LN 342,FORT MYERS BEACH,FL,33931
2423,4407 FOREMAST CT,FORT MYERS,FL,33919
2424,442 SW KENTWOOD RD,Port Saint Lucie,FL,34953
2425,4638 AMHERST CT,FORT MYERS,FL,33907
2426,47 ZINNIA TRL,PALM COAST,FL,32164
2427,56 NW Boundary DR,Port Saint Lucie,FL,34986
2428,5807 NW Zenith DR,Port Saint Lucie,FL,34953
2429,59 ESPERANTO DR,PALM COAST,FL,32164
2430,617 NW MONTICELLO PL,Port Saint Lucie,FL,34986
2431,63 EASTWOOD DR,PALM COAST,FL,32164
2432,644 SE Dean Terr,Port Saint Lucie,FL,34953
2433,8326 LANGSHIRE WAY,FORT MYERS,FL,33912
2434,8915 BAYTOWNE LOOP,FORT MYERS,FL,33908
2435,914 SW Cornelia AVE,Port Saint Lucie,FL,34953
2436,98 ISLAND ESTATES PKWY,PALM COAST,FL,32137
2437,10381 BUTTERFLY PALM DR 944,FORT MYERS,FL,33966
2438,11 REINDEER LN,PALM COAST,FL,32164
2439,11340 BAYSIDE BLVD,FORT MYERS BEACH,FL,33931
2440,11601 SLIPPER SHELL DR,FORT MYERS,FL,33908
2441,120 ARENA LAKE DR,PALM COAST,FL,32137
2442,14 ST ANDREWS CT,PALM COAST,FL,32137
2443,14250 CHANCELLOR ST,FORT MYERS,FL,33905
2444,15 UNIQUE CT,PALM COAST,FL,32164
2445,15051 PUNTA RASSA RD 274,FORT MYERS,FL,33908
2446,15054 BONAIRE CIR,FORT MYERS,FL,33908
2447,15821 PORTOFINO SPRINGS BLVD 101,FORT MYERS,FL,33908
2448,17241 KNIGHT DR,FORT MYERS,FL,33967
2449,204 SW PORT ST LUCIE BLVD,Port Saint Lucie,FL,34953
2450,24 HEMBURY LN,PALM COAST,FL,32137
2451,2434 SE ROBIN CIR,Port Saint Lucie,FL,34953
2452,251 NE SOLIDA CIR,Port Saint Lucie,FL,34953
2453,305 NW Millpond LN,Port Saint Lucie,FL,34986
2454,3446 SW Catskill DR,Port Saint Lucie,FL,34953
2455,4 BEACHSIDE DR,PALM COAST,FL,32137
2456,4 BURNING VIEW LN,PALM COAST,FL,32137
2457,4023 PRINCETON ST,FORT MYERS,FL,33907
2458,438 UNDERWOOD TRL,PALM COAST,FL,32164
2459,4815 S LANDINGS DR 203,FORT MYERS,FL,33919
2460,4976 LUCKETT RD,FORT MYERS,FL,33905
2461,5 EASTON PL,PALM COAST,FL,32164
2462,5350 NW Coventry CIR,Port Saint Lucie,FL,34986
2463,56 RADCLIFFE DR,PALM COAST,FL,32164
2464,6132 NW GINGER LN,Port Saint Lucie,FL,34953
2465,685 SW LAKEHURST DR,Port Saint Lucie,FL,34953
2466,710 SE EVERGREEN TERR,Port Saint Lucie,FL,34953
2467,75 LAKE SUCCESS DR,PALM COAST,FL,32137
2468,9 BUTTONWELL LN,PALM COAST,FL,32137
2469,9616 SW Royal Poinciana DR,Port Saint Lucie,FL,34982
2470,9693 ROUNDSTONE CIR,FORT MYERS,FL,33967
2471,9747 COUNTRY OAKS DR,FORT MYERS,FL,33967
2472,1081 SW Bianca AVE,Port Saint Lucie,FL,34953
2473,11041 LONGWING DR,FORT MYERS,FL,33912
2474,11266 CYPRESS TREE CIR,FORT MYERS,FL,33913
2475,12497 SUMMERWOOD DR,FORT MYERS,FL,33908
2476,1517 SE PITCHER RD,Port Saint Lucie,FL,34953
2477,16340 DUBLIN CIR 203,FORT MYERS,FL,33908
2478,16421 MILLSTONE CIR 301,FORT MYERS,FL,33908
2479,17532 LAUREL VALLEY RD,FORT MYERS,FL,33967
2480,1817 SW MCALLISTER LN,Port Saint Lucie,FL,34953
2481,18206 CREEKSIDE PRESERVE LOOP 201,FORT MYERS,FL,33908
2482,2296 SE TRILLO ST,Port Saint Lucie,FL,34952
2483,2442 SW SAVAGE BLVD,Port Saint Lucie,FL,34953
2484,2531/2533 2531/2533 HANSON ST,FORT MYERS,FL,33901
2485,32 FLEMING CT,PALM COAST,FL,32137
2486,3611 SW HAINES ST,Port Saint Lucie,FL,34953
2487,39 FRANCIS LN,PALM COAST,FL,32137
2488,408 NW Granville ST,Port Saint Lucie,FL,34986
2489,4775 NOTTINGHAM DR,FORT MYERS,FL,33905
2490,5622 MALT DR 3,FORT MYERS,FL,33907
2491,59 FAIRVIEW BLVD,FORT MYERS BEACH,FL,33931
2492,6160 MEDICAL PARK LOOP,FORT MYERS,FL,33912
2493,8173 PELICAN RD,FORT MYERS,FL,33967
2494,8455 MANDERSTON CT,FORT MYERS,FL,33912
2495,9 BUTTERMILK DR,PALM COAST,FL,32137
2496,9660 SW Chestwood AVE,Port Saint Lucie,FL,34982
2497,10480 WASHINGTONIA PALM WAY 1143,FORT MYERS,FL,33966
2498,1063 SW MCCOY AVE,Port Saint Lucie,FL,34953
2499,1100 CANOPY WALK LN 1112,PALM COAST,FL,32137
2500,11928 CYPRESS LINKS DR,FORT MYERS,FL,33913
2501,12650 EQUESTRIAN CIR 2004,FORT MYERS,FL,33907
2502,12786 DEVONSHIRE LAKES CIR,FORT MYERS,FL,33913
2503,1281 CHOBEE LOOP, OKEECHOBEE,FL,34974
2504,15514 SPRING LINE LN,FORT MYERS,FL,33905
2505,15655 OCEAN WALK CIR 112,FORT MYERS,FL,33908
2506,1635 KENSINGTON CT,FORT MYERS,FL,33907
2507,1688 SW Bascom AVE,Port Saint Lucie,FL,34953
2508,17508 ALLENTOWN RD,FORT MYERS,FL,33967
2509,18577 PHLOX DR,FORT MYERS,FL,33967
2510,26 WESTCLIFFE LN,PALM COAST,FL,32164
2511,2750 SW HAMILTON AVE,Port Saint Lucie,FL,34953
2512,28 PORTO MAR 403,PALM COAST,FL,32137
2513,2828 JACKSON ST B8,FORT MYERS,FL,33901
2514,37 POST TREE LN,PALM COAST,FL,32164
2515,3808 SEAGO LN,FORT MYERS,FL,33901
2516,4132 RAINBOW DR,FORT MYERS,FL,33916
2517,431 SW NATIVITY TERR,Port Saint Lucie,FL,34953
2518,44 BRADMORE LN,PALM COAST,FL,32137
2519,5496 HARBOUR CASTLE DR,FORT MYERS,FL,33907
2520,56 SEASCAPE DR,PALM COAST,FL,32137
2521,5970 TRAILWINDS DR 113,FORT MYERS,FL,33907
2522,634 NE Muskrat RUN,Port Saint Lucie,FL,34983
2523,716 SW San Salvador Cove,Port Saint Lucie,FL,34986
2524,74 ISLAND ESTATES PKWY,PALM COAST,FL,32137
2525,80 BEAUFORD LN,PALM COAST,FL,32137
2526,8611 BUCKINGHAM RD,FORT MYERS,FL,33905
2527,9015 STATE RD 78, OKEECHOBEE,FL,34974
2528,9140 SOUTHMONT CV 204,FORT MYERS,FL,33908
2529,1018 SW IDOL AVE,Port Saint Lucie,FL,34953
2530,11040 SEMINOLE PALM WAY,FORT MYERS,FL,33966
2531,1178 10TH ST, OKEECHOBEE,FL,34974
2532,12219 COUNTRY DAY CIR,FORT MYERS,FL,33913
2533,12540 VENICIA DR,FORT MYERS,FL,33913
2534,14509 AERIES WAY DR 323,FORT MYERS,FL,33912
2535,14590 METRO PKWY,FORT MYERS,FL,33912
2536,17276 LEE RD,FORT MYERS,FL,33967
2537,17340 W CARNEGIE CIR 103A,FORT MYERS,FL,33967
2538,20031 SANIBEL VIEW CIR 301,FORT MYERS,FL,33908
2539,2189 SE ERWIN RD,Port Saint Lucie,FL,34953
2540,3024 SE SANTA ANITA ST,Port Saint Lucie,FL,34953
2541,3027 VIA RIALTO ST,FORT MYERS,FL,33905
2542,360 SW JEANNE AVE,Port Saint Lucie,FL,34953
2543,4608 FLAGSHIP DR 104,FORT MYERS,FL,33919
2544,5480 NW Clark AVE,Port Saint Lucie,FL,34953
2545,577 SW LAKE CHARLES CIR,Port Saint Lucie,FL,34953
2546,72 PHEASANT DR,PALM COAST,FL,32164
2547,73 EDITH POPE DR,PALM COAST,FL,32164
2548,7528 MORGAN RD,FORT MYERS,FL,33967
2549,77 FERNDALE LN,PALM COAST,FL,32137
2550,79 FORT CAROLINE LN,PALM COAST,FL,32137
2551,791 SE THANKSGIVING AVE,Port Saint Lucie,FL,34953
2552,9360 AVIANO DR 101,FORT MYERS,FL,33913
2553,9518 BLUE STONE CIR,FORT MYERS,FL,33913
2554,9541 CYPRESS DR N,FORT MYERS,FL,33967
2555,10531 DIAMANTE WAY,FORT MYERS,FL,33913
2556,1227 CLEBURNE DR,FORT MYERS,FL,33919
2557,12281 EAGLE POINTE CIR,FORT MYERS,FL,33913
2558,12819 IVORY STONE LOOP,FORT MYERS,FL,33913
2559,14281 HICKORY LINKS CT 1411,FORT MYERS,FL,33912
2560,15408 FIDDLESTICKS BLVD,FORT MYERS,FL,33912
2561,15728 TREASURE ISLAND LN,FORT MYERS,FL,33905
2562,16881 DAVIS RD 124,FORT MYERS,FL,33908
2563,1724 PINE VALLEY DR 302,FORT MYERS,FL,33907
2564,17340 STEPPING STONE DR,FORT MYERS,FL,33967
2565,1761 SW Anderson ST,Port Saint Lucie,FL,34953
2566,1859 SW RENFRO ST,Port Saint Lucie,FL,34953
2567,1934 SW Newport Isles BLVD,Port Saint Lucie,FL,34953
2568,2031 SW Newport Isles BLVD,Port Saint Lucie,FL,34953
2569,2158 SW Cape Cod DR,Port Saint Lucie,FL,34953
2570,2231 ISLE OF PINES AVE,FORT MYERS,FL,33905
2571,2272 WRIGHT ST,FORT MYERS,FL,33916
2572,23 WELLWOOD LN,PALM COAST,FL,32164
2573,23 PRIMROSE LN,PALM COAST,FL,32164
2574,2609 SE Ibis AVE,Port Saint Lucie,FL,34953
2575,33 ZEBULAHS TRL,PALM COAST,FL,32164
2576,3545 KNOLLWOOD RD,FORT MYERS,FL,33919
2577,3612 SW Dellamano ST,Port Saint Lucie,FL,34953
2578,37 FULTON PL,PALM COAST,FL,32137
2579,42 BRONSON LN,PALM COAST,FL,32137
2580,5 CLOVERDALE CT N,PALM COAST,FL,32137
2581,5285 SUMMERLIN RD,FORT MYERS,FL,33919
2582,542 SW NATALIE TERR,Port Saint Lucie,FL,34953
2583,561 SW Aster RD,Port Saint Lucie,FL,34953
2584,789 SW NICHOLS TERR,Port Saint Lucie,FL,34953
2585,1022 LIME LN, OKEECHOBEE,FL,34974
2586,10510 AMIATA WAY 204,FORT MYERS,FL,33913
2587,1218 MORNINGSIDE DR,FORT MYERS,FL,33901
2588,1270 SW Albenga AVE,Port Saint Lucie,FL,34953
2589,130 SW MILBURN CIR,Port Saint Lucie,FL,34953
2590,14048 CASTLE HILL WAY,FORT MYERS,FL,33919
2591,1962 SW ERIE ST,Port Saint Lucie,FL,34953
2592,2 CROMPTON PL,PALM COAST,FL,32137
2593,21 FAWN LN,PALM COAST,FL,32137
2594,212/214 212/214 ANCHORAGE ST,FORT MYERS BEACH,FL,33931
2595,22 CEDARFIELD CT,PALM COAST,FL,32137
2596,24 COLD SPRING CT,PALM COAST,FL,32137
2597,349 NE FLORESTA DR,Port Saint Lucie,FL,34953
2598,4551 NW GIMLET AVE,Port Saint Lucie,FL,34953
2599,516 SWEETGUM LN,PALM COAST,FL,32137
2600,5829 NW Coosa DR,Port Saint Lucie,FL,34953
2601,60 FOXHALL LN,PALM COAST,FL,32137
2602,6241 THOMAS RD,FORT MYERS,FL,33912
2603,799 SW MCCOY AVE,Port Saint Lucie,FL,34953
2604,810 SW LAKE CHARLES CIR,Port Saint Lucie,FL,34953
2605,8180 SUMMERLIN VILLAGE CIR 702,FORT MYERS,FL,33919
2606,8522 FAIRWAY BEND DR,FORT MYERS,FL,33967
2607,8771 ESTERO BLVD 206,FORT MYERS BEACH,FL,33931
2608,8938 BAYTOWNE LOOP,FORT MYERS,FL,33908
2609,11035 YELLOW POPLAR DR,FORT MYERS,FL,33913
2610,11067 CARAVEL CIR,FORT MYERS,FL,33908
2611,12573 COCONUT DR,FORT MYERS,FL,33908
2612,13 ZELDA CT,PALM COAST,FL,32164
2613,1352 SE MOHAVE ST,Port Saint Lucie,FL,34953
2614,15233 CRICKET LN,FORT MYERS,FL,33919
2615,16859 FOX DEN,FORT MYERS,FL,33908
2616,17517 ALLENTOWN RD,FORT MYERS,FL,33967
2617,18 BLACK BEAR LN,PALM COAST,FL,32137
2618,19 LYNDENHURST LN,PALM COAST,FL,32137
2619,200 OCEAN CREST DR 822S,PALM COAST,FL,32137
2620,2430 CHANDLER AVE,FORT MYERS,FL,33907
2621,264 YORKSHIRE AVE,FORT MYERS,FL,33908
2622,3000 OASIS GRAND BLVD 2607,FORT MYERS,FL,33916
2623,33 CHERRYTREE CT,PALM COAST,FL,32137
2624,3435 VIA TORCIDA,FORT MYERS,FL,33901
2625,4066 MANDARIN CT,FORT MYERS,FL,33916
2626,425 SW Bradshaw CIR,Port Saint Lucie,FL,34953
2627,46 FOREST GROVE DR,PALM COAST,FL,32137
2628,4856 DELEON ST,FORT MYERS,FL,33907
2629,50 ROCKING HORSE DR,PALM COAST,FL,32164
2630,6106 NW Wild Cotton WAY,Port Saint Lucie,FL,34986
2631,8 WINTER HAVEN CT,PALM COAST,FL,32164
2632,8465 GROVE RD,FORT MYERS,FL,33967
2633,8490 BELLE MEADE DR,FORT MYERS,FL,33908
2634,92 BOULDER ROCK DR,PALM COAST,FL,32137
2635,10461 WASHINGTONIA PALM WAY 3416,FORT MYERS,FL,33966
2636,11866 BOURKE PL,FORT MYERS,FL,33913
2637,120 S HUMMINGBIRD PL,PALM COAST,FL,32164
2638,1266 COLUMBUS BLVD,FORT MYERS,FL,33913
2639,12770 TERABELLA WAY,FORT MYERS,FL,33912
2640,14261 RIVER RD,FORT MYERS,FL,33905
2641,14571 LEGENDS BLVD N 305,FORT MYERS,FL,33912
2642,149 PLAIN VIEW DR,PALM COAST,FL,32164
2643,14901 AMERICAN EAGLE CT,FORT MYERS,FL,33912
2644,1557 SW Aledo LN,Port Saint Lucie,FL,34953
2645,16970 SAN CARLOS BLVD,FORT MYERS,FL,33908
2646,1721 Bonanza ST,Port Saint Lucie,FL,34953
2647,19737 CASA VERDE WAY,FORT MYERS,FL,33967
2648,2350 NW Padova ST,Port Saint Lucie,FL,34986
2649,31 RYDELL LN,PALM COAST,FL,32164
2650,3246 SE WEST SNOW RD,Port Saint Lucie,FL,34953
2651,3748 SW Lafleur ST,Port Saint Lucie,FL,34953
2652,441 SE WALTERS TERR,Port Saint Lucie,FL,34953
2653,5 BAYVIEW BLVD,FORT MYERS BEACH,FL,33931
2654,5 UNDERMOUNT PATH W,PALM COAST,FL,32164
2655,5053 FIDDLELEAF DR,FORT MYERS,FL,33905
2656,6062 POMPANO ST,FORT MYERS,FL,33919
2657,61 LLAMA TRL,PALM COAST,FL,32164
2658,630 SW HOFFENBERG AVE,Port Saint Lucie,FL,34953
2659,6300 SOUTH POINTE BLVD 111,FORT MYERS,FL,33919
2660,8920 CYPRESS LAKE DR,FORT MYERS,FL,33919
2661,909 SW KAPPA AVE,Port Saint Lucie,FL,34953
2662,104 NW Curry ST,Port Saint Lucie,FL,34953
2663,11386 SW Wyndham WAY,Port Saint Lucie,FL,34987
2664,1149 SW Bianca AVE,Port Saint Lucie,FL,34953
2665,115 RYAN DR,PALM COAST,FL,32164
2666,1219 SW Century AVE,Port Saint Lucie,FL,34953
2667,1225 SW Broadview ST,Port Saint Lucie,FL,34953
2668,12366 WOODROSE CT 3,FORT MYERS,FL,33907
2669,12431 METRO PKWY,FORT MYERS,FL,33966
2670,16 VILLAGE VIEW WAY,PALM COAST,FL,32137
2671,179 NW Curtis ST,Port Saint Lucie,FL,34953
2672,18497 MARCO BLVD,FORT MYERS,FL,33967
2673,19848 CASA VERDE WAY,FORT MYERS,FL,33967
2674,20 SECRETARY TRL,PALM COAST,FL,32164
2675,2255/2257 2255/2257 HENDERSON AVE,FORT MYERS,FL,33916
2676,2450 SE Burton ST,Port Saint Lucie,FL,34953
2677,27 LLOSHIRE PATH,PALM COAST,FL,32164
2678,3 WILLOUGHBY PL,PALM COAST,FL,32164
2679,300 CANOPY WALK LN 315,PALM COAST,FL,32137
2680,349 NE JONQUIL ST,Port Saint Lucie,FL,34953
2681,369 SW LOG DR,Port Saint Lucie,FL,34953
2682,5482 NW Carla CT,Port Saint Lucie,FL,34953
2683,5487 CAPBERN CT,FORT MYERS,FL,33919
2684,6140 TIDEWATER ISLAND CIR,FORT MYERS,FL,33908
2685,6145 NW DUKE CIR,Port Saint Lucie,FL,34953
2686,8178 WOODRIDGE POINTE DR,FORT MYERS,FL,33912
2687,9200 BELLEZA WAY 101,FORT MYERS,FL,33908
2688,9546 MARINERS COVE LN,FORT MYERS,FL,33919
2689,105 SW N MEADE CIR,Port Saint Lucie,FL,34953
2690,12245 CHAMPIONSHIP CIR,FORT MYERS,FL,33913
2691,125 DAWN ST,FORT MYERS,FL,33908
2692,13 WAGON WHEEL PL,PALM COAST,FL,32164
2693,13355 ISLAND RD,FORT MYERS,FL,33905
2694,13800 FIDDLESTICKS BLVD,FORT MYERS,FL,33912
2695,14610 GLEN COVE DR 201,FORT MYERS,FL,33919
2696,15360 BELLAMAR CIR 3514,FORT MYERS,FL,33908
2697,1627 SE Ballantrae BLVD,Port Saint Lucie,FL,34952
2698,1659 SOUTH DR,FORT MYERS,FL,33907
2699,17280 EAGLE TRACE 9,FORT MYERS,FL,33908
2700,18453 GERANIUM RD,FORT MYERS,FL,33967
2701,245 MADISON CT,FORT MYERS BEACH,FL,33931
2702,26 EDGE LN,PALM COAST,FL,32164
2703,323 SW DUXBURY AVE,Port Saint Lucie,FL,34953
2704,326 NW Dearman ST,Port Saint Lucie,FL,34983
2705,402 SW TARRA AVE,Port Saint Lucie,FL,34953
2706,42 BARRINGTON DR,PALM COAST,FL,32137
2707,4364 SKATES CIR,FORT MYERS,FL,33905
2708,4572 SW HALLMARK ST,Port Saint Lucie,FL,34953
2709,5 RIPPLING PL,PALM COAST,FL,32164
2710,5761 NW Cleburn DR,Port Saint Lucie,FL,34953
2711,6 PINTO LN,PALM COAST,FL,32164
2712,612 SW TREASURE COVE,Port Saint Lucie,FL,34953
2713,10404 SW Waterway LN,Port Saint Lucie,FL,34987
2714,1043 NW Demedici RD,Port Saint Lucie,FL,34986
2715,11351 S CLEVELAND AVE,FORT MYERS,FL,33907
2716,117 NW Carmelite ST,Port Saint Lucie,FL,34953
2717,12 KANKAKEE TRL,PALM COAST,FL,32164
2718,1230 TURNER ST,FORT MYERS,FL,33916
2719,129 ALBATROSS ST,FORT MYERS BEACH,FL,33931
2720,1433 SE Cambridge DR,Port Saint Lucie,FL,34953
2721,14800 CANAAN DR,FORT MYERS,FL,33908
2722,152 BAY MAR DR,FORT MYERS BEACH,FL,33931
2723,1531 LAKE DR, OKEECHOBEE,FL,34974
2724,1557 SW IFFLA AVE,Port Saint Lucie,FL,34953
2725,1560 MATTHEW DR J,FORT MYERS,FL,33907
2726,15674 CARRIEDALE LN 2,FORT MYERS,FL,33912
2727,16127 CUTTERS CT,FORT MYERS,FL,33908
2728,1630 RALEIGH ST,FORT MYERS,FL,33916
2729,166 NW Hazard WAY,Port Saint Lucie,FL,34986
2730,17811 SAN CARLOS BLVD,FORT MYERS BEACH,FL,33931
2731,1892 SW MONTERREY LN,Port Saint Lucie,FL,34953
2732,19187 VINTAGE TRACE CIR,FORT MYERS,FL,33967
2733,2094 SW Brisbane ST,Port Saint Lucie,FL,34953
2734,215 FAIRVIEW AVE,FORT MYERS,FL,33905
2735,253/255 253/255 TROPICAL SHORES WAY,FORT MYERS BEACH,FL,33931
2736,3251 CYPRESS MARSH DR,FORT MYERS,FL,33905
2737,3520 UNIQUE CIR,FORT MYERS,FL,33908
2738,4 EASTMAN LN,PALM COAST,FL,32164
2739,4374 TUFTS AVE,FORT MYERS,FL,33901
2740,501 SW Aster RD,Port Saint Lucie,FL,34953
2741,502 NW GALATONE CT,Port Saint Lucie,FL,34986
2742,5420 NW South Crisona CIR,Port Saint Lucie,FL,34953
2743,5538 NW Burgin ST,Port Saint Lucie,FL,34953
2744,5581 BURING CT,FORT MYERS,FL,33919
2745,5919 TROPICAL DR,FORT MYERS,FL,33919
2746,6400 ARAGON WAY 106,FORT MYERS,FL,33966
2747,69 LEIDEL DR,PALM COAST,FL,32137
2748,8196 PENNSYLVANIA BLVD,FORT MYERS,FL,33967
2749,9970 SAILVIEW CT 12,FORT MYERS,FL,33905
2750,10 OAKMONT CT,PALM COAST,FL,32137
2751,1038 SW EUREKA AVE,Port Saint Lucie,FL,34953
2752,11 WOODHOLME LN,PALM COAST,FL,32164
2753,11252 BOARDWALK PL,FORT MYERS,FL,33908
2754,11883 GRAND ISLES LN,FORT MYERS,FL,33913
2755,134 FRONTIER DR,PALM COAST,FL,32137
2756,13600 INTREPID LN,FORT MYERS,FL,33913
2757,13661 OSPREY DR,FORT MYERS,FL,33908
2758,14941 HOLE IN ONE CIR 301,FORT MYERS,FL,33919
2759,1500 POPHAM DR B28,FORT MYERS,FL,33919
2760,15030 BRIDGEWAY LN 504,FORT MYERS,FL,33919
2761,1517 SW FORTUNE RD,Port Saint Lucie,FL,34953
2762,16402 RAINBOW MEADOWS CT,FORT MYERS,FL,33908
2763,1754 SW California BLVD,Port Saint Lucie,FL,34953
2764,1841 SW Via Rossa,Port Saint Lucie,FL,34953
2765,205 SW PAGODA TERR,Port Saint Lucie,FL,34953
2766,2067 SW Americana ST,Port Saint Lucie,FL,34953
2767,2349 SW SALMON RD,Port Saint Lucie,FL,34953
2768,2857 SW Collings DR,Port Saint Lucie,FL,34953
2769,30 PRAVER LN,PALM COAST,FL,32164
2770,34 RAEMOND LN,PALM COAST,FL,32164
2771,3602 SW MARGELA ST,Port Saint Lucie,FL,34953
2772,600 ESTERO BLVD 204,FORT MYERS BEACH,FL,33931
2773,6371 MAYTREE CIR,FORT MYERS,FL,33905
2774,6650 SEAWIND DR,FORT MYERS,FL,33908
2775,84 ULLIAN TRL,PALM COAST,FL,32164
2776,850 SW Curtis ST,Port Saint Lucie,FL,34953
2777,9 CEDARVIEW CT,PALM COAST,FL,32137
2778,10 PRETORIA LN,PALM COAST,FL,32164
2779,109 WHISPERING PINE DR,PALM COAST,FL,32164
2780,11220 PADDINGTON TER,FORT MYERS,FL,33913
2781,13 RYMSHAW PL,PALM COAST,FL,32164
2782,14811 HOLE IN ONE CIR 207,FORT MYERS,FL,33919
2783,15372 FIDDLESTICKS BLVD,FORT MYERS,FL,33912
2784,15730 LAKE CANDLEWOOD DR,FORT MYERS,FL,33908
2785,162 LONDON DR,PALM COAST,FL,32137
2786,17 CLERMONT CT,PALM COAST,FL,32137
2787,17210 TERRAVERDE CIR 7,FORT MYERS,FL,33908
2788,173 SW SEA LION RD,Port Saint Lucie,FL,34953
2789,17340 CASTILE RD,FORT MYERS,FL,33967
2790,1798 CABBAGE LN, OKEECHOBEE,FL,34974
2791,18180 CUTLASS DR,FORT MYERS BEACH,FL,33931
2792,18600 ORLANDO RD,FORT MYERS,FL,33967
2793,2049 SW Beard ST,Port Saint Lucie,FL,34953
2794,34 WESTBRIAR LN,PALM COAST,FL,32164
2795,37 BURNING EMBER LN,PALM COAST,FL,32137
2796,4263 BAY BEACH LN 913,FORT MYERS BEACH,FL,33931
2797,5 BURNHAM LN,PALM COAST,FL,32137
2798,510 SW RAY AVE,Port Saint Lucie,FL,34953
2799,72 LEE DR,PALM COAST,FL,32137
2800,11536 GREY EGRET CIR,FORT MYERS,FL,33966
2801,13971 AVON PARK CIR,FORT MYERS,FL,33912
2802,14481 PINE LILY DR,FORT MYERS,FL,33908
2803,15051 PUNTA RASSA RD 459,FORT MYERS,FL,33908
2804,1718 SW MCALLISTER LN,Port Saint Lucie,FL,34953
2805,177 NW Hazard WAY,Port Saint Lucie,FL,34986
2806,17839 LITTLE TORCH KY,FORT MYERS,FL,33908
2807,19 SEAMAIDEN PATH,PALM COAST,FL,32164
2808,200 OCEAN CREST DR 338N,PALM COAST,FL,32137
2809,2038 SW MORELIA LN,Port Saint Lucie,FL,34953
2810,2120 ANDREA LN,FORT MYERS,FL,33912
2811,2122 SW LEAFY RD,Port Saint Lucie,FL,34953
2812,216 PARKVIEW DR,PALM COAST,FL,32164
2813,227 SW BECKER RD,Port Saint Lucie,FL,34953
2814,238 LUNETTE ST,FORT MYERS,FL,33913
2815,2409 SW HINCHMAN ST,Port Saint Lucie,FL,34953
2816,249 NW Bayshore BLVD,Port Saint Lucie,FL,34953
2817,2683 SW Cameo BLVD,Port Saint Lucie,FL,34953
2818,33 RALEIGH DR,PALM COAST,FL,32164
2819,4918 JEANIE LN,FORT MYERS,FL,33905
2820,5025 OLD KINGS RD,PALM COAST,FL,32137
2821,594 SW LAKE CHARLES CIR,Port Saint Lucie,FL,34953
2822,6312 ROYAL WOODS DR,FORT MYERS,FL,33908
2823,6666 GRIFFIN BLVD,FORT MYERS,FL,33908
2824,771 SE Arton LN,Port Saint Lucie,FL,34953
2825,817 SW Worcester LN,Port Saint Lucie,FL,34953
2826,9 WAVERLY PL,PALM COAST,FL,32164
2827,9555 BLUE STONE CIR,FORT MYERS,FL,33913
2828,10422 PESO DEL RIO DR,FORT MYERS,FL,33908
2829,11700 SW Apple Blossom TRL,Port Saint Lucie,FL,34987
2830,1173 SW JUMPER ST,Port Saint Lucie,FL,34953
2831,12571 EQUESTRIAN CIR 903,FORT MYERS,FL,33907
2832,15051 PUNTA RASSA RD 326,FORT MYERS,FL,33908
2833,15441 BELLAMAR CIR 1126,FORT MYERS,FL,33908
2834,1766 SW MONTERREY LN,Port Saint Lucie,FL,34953
2835,1768 SE Clearmont ST,Port Saint Lucie,FL,34953
2836,1891 NW Cataluna CIR,Port Saint Lucie,FL,34986
2837,197 NW Bentley CIR,Port Saint Lucie,FL,34986
2838,2104 W FIRST ST 1904,FORT MYERS,FL,33901
2839,22 MARBELLA CT,PALM COAST,FL,32137
2840,240 SW MILBURN CIR,Port Saint Lucie,FL,34953
2841,25 WESTMOUNT LN,PALM COAST,FL,32164
2842,2516 SE Anchorage Cove F-1,Port Saint Lucie,FL,34953
2843,268 SW LUCERO DR,Port Saint Lucie,FL,34953
2844,3283 ANTICA ST,FORT MYERS,FL,33905
2845,3873 SW HABLOW ST,Port Saint Lucie,FL,34953
2846,407 BUENA VISTA BLVD,FORT MYERS,FL,33905
2847,42 UPSHIRE PATH,PALM COAST,FL,32164
2848,46 TIMBERLAND CIR S,FORT MYERS,FL,33919
2849,4821 S LANDINGS DR 105,FORT MYERS,FL,33919
2850,8350 ESTERO BLVD 313,FORT MYERS BEACH,FL,33931
2851,8689 SPRING MOUNTAIN WAY,FORT MYERS,FL,33908
2852,9800 LENNARD RD,Port Saint Lucie,FL,34950
2853,10051 SPYGLASS HILL LN,FORT MYERS,FL,33966
2854,10381 BUTTERFLY PALM DR 911,FORT MYERS,FL,33966
2855,10550 AMIATA WAY 204,FORT MYERS,FL,33913
2856,11069 HARBOUR YACHT CT 3,FORT MYERS,FL,33908
2857,1156 SW HOGAN ST,Port Saint Lucie,FL,34953
2858,12036 FIVE WATERS CIR,FORT MYERS,FL,33913
2859,14 COLLINGWOOD LN,PALM COAST,FL,32137
2860,142 NE ROYCE AVE,Port Saint Lucie,FL,34953
2861,14521 LEGENDS BLVD N 403,FORT MYERS,FL,33912
2862,1562 SW SANTANDER AVE,Port Saint Lucie,FL,34953
2863,1589 PARK MEADOWS DR 4,FORT MYERS,FL,33907
2864,16 VILLAGE VIEW DR,PALM COAST,FL,32137
2865,17438 MEADOW LAKE CIR,FORT MYERS,FL,33967
2866,176 SW VALLEY PL,Port Saint Lucie,FL,34953
2867,18070 SAN CARLOS BLVD 614,FORT MYERS BEACH,FL,33931
2868,200 OCEAN CREST DR CM15,PALM COAST,FL,32137
2869,2120 SW TRENTON LN,Port Saint Lucie,FL,34953
2870,25 PALM HARBOR VILLAGE WAY 6,PALM COAST,FL,32137
2871,32 BRUNING LN,PALM COAST,FL,32137
2872,381 SW WHITMORE DR,Port Saint Lucie,FL,34953
2873,6900 ESTERO BLVD 302,FORT MYERS BEACH,FL,33931
2874,8085 HARRISBURG DR,FORT MYERS,FL,33967
2875,8173 WINGED FOOT DR,FORT MYERS,FL,33967
2876,854 SE PROCTOR LN,Port Saint Lucie,FL,34953
2877,9016 SHADOW GLEN WAY,FORT MYERS,FL,33913
2878,10470 WASHINGTONIA PALM WAY 1214,FORT MYERS,FL,33966
2879,1090 SW GENERAL PATTON TERR,Port Saint Lucie,FL,34953
2880,11531 MEADOWRUN CIR,FORT MYERS,FL,33913
2881,1278 SW MAPLEWOOD DR,Port Saint Lucie,FL,34953
2882,12811 COMMERCE LAKES DR 8,FORT MYERS,FL,33913
2883,1427 BYRON RD,FORT MYERS,FL,33919
2884,15101 BAGPIPE WAY 203,FORT MYERS,FL,33912
2885,18378 TULIP RD,FORT MYERS,FL,33967
2886,1844 SW HUDSON ST,Port Saint Lucie,FL,34953
2887,2055 SW MORELIA LN,Port Saint Lucie,FL,34953
2888,2100 ESTERO BLVD 13,FORT MYERS BEACH,FL,33931
2889,225 NW Pleasant Grove WAY,Port Saint Lucie,FL,34986
2890,237 EUGENIA AVE,FORT MYERS,FL,33916
2891,24 ZONAL GERANIUM TRL,PALM COAST,FL,32164
2892,2412 SE FLORESTA DR,Port Saint Lucie,FL,34953
2893,3061 SE East Blackwell DR,Port Saint Lucie,FL,34953
2894,3763 CROFTON CT,FORT MYERS,FL,33916
2895,3957 SW SAVONA BLVD,Port Saint Lucie,FL,34953
2896,5212 CEDARBEND DR 4,FORT MYERS,FL,33919
2897,5620 MALT DR 2,FORT MYERS,FL,33907
2898,5928 NW Wolverine RD,Port Saint Lucie,FL,34953
2899,9028 WATER TUPELO RD,FORT MYERS,FL,33912
2900,9814 SW Nuova WAY,Port Saint Lucie,FL,34950
2901,1097 SW MCDEVITT AVE,Port Saint Lucie,FL,34953
2902,1102 SW JANETTE AVE,Port Saint Lucie,FL,34953
2903,11109 STARDUST DR,FORT MYERS,FL,33908
2904,11541 VILLA GRAND 818,FORT MYERS,FL,33913
2905,11610 CARAVEL CIR 102,FORT MYERS,FL,33908
2906,1223 BRIARCLIFFE ST,FORT MYERS,FL,33913
2907,12731 DEVONSHIRE LAKES CIR,FORT MYERS,FL,33913
2908,13971 LAKE MAHOGANY BLVD 2624,FORT MYERS,FL,33907
2909,1432 S BRANDYWINE CIR,FORT MYERS,FL,33919
2910,1449 SW Algardi LN,Port Saint Lucie,FL,34953
2911,149 BAYSIDE DR,PALM COAST,FL,32137
2912,15761 WAITE ISLAND DR,FORT MYERS,FL,33908
2913,2090 SW Capeador ST,Port Saint Lucie,FL,34953
2914,212 SW FAIRCHILD AVE,Port Saint Lucie,FL,34953
2915,2125 SW Cape Cod DR,Port Saint Lucie,FL,34953
2916,2401 SE SHELL AVE,Port Saint Lucie,FL,34953
2917,247 POINSETTIA DR,FORT MYERS,FL,33905
2918,2611 SW Acco RD,Port Saint Lucie,FL,34953
2919,30 COLLINGDALE CT,PALM COAST,FL,32137
2920,312 NW FAIRFAX AVE,Port Saint Lucie,FL,34953
2921,36 PORTER LN,PALM COAST,FL,32164
2922,440 NE Leaping Frog WAY,Port Saint Lucie,FL,34983
2923,4681 LAKESIDE CLUB BLVD 4,FORT MYERS,FL,33905
2924,5 FARMBROOK LN,PALM COAST,FL,32137
2925,6498 ROYAL WOODS DR 7,FORT MYERS,FL,33908
2926,7451 BELLA LAGO DR 131,FORT MYERS BEACH,FL,33931
2927,817 SW ST ANDREWS COVE,Port Saint Lucie,FL,34953
2928,8711 BELLE MEADE DR,FORT MYERS,FL,33908
2929,8980 S US HWY 1 106,Port Saint Lucie,FL,34953
2930,9821 QUINTA ARTESA WAY 103,FORT MYERS,FL,33908
2931,9851 BIRR ST,FORT MYERS,FL,33919
2932,10381 BUTTERFLY PALM DR 918,FORT MYERS,FL,33966
2933,10520 AMIATA WAY 205,FORT MYERS,FL,33913
2934,10619 SW Visconti WAY,Port Saint Lucie,FL,34986
2935,1085 SW LOCKE AVE,Port Saint Lucie,FL,34953
2936,11483 SW Mountain Ash CIR,Port Saint Lucie,FL,34987
2937,12826 GUILDFORD TER,FORT MYERS,FL,33913
2938,14101 BRANT POINT CIR 3307,FORT MYERS,FL,33919
2939,15043 TAMARIND CAY CT 1404,FORT MYERS,FL,33908
2940,1632 SE Chello LN,Port Saint Lucie,FL,34953
2941,1673 SE MANSFIELD ST,Port Saint Lucie,FL,34953
2942,1673 SE S NIEMEYER CIR,Port Saint Lucie,FL,34953
2943,1682 SW Angelico LN,Port Saint Lucie,FL,34953
2944,1725 SW IMPORT DR,Port Saint Lucie,FL,34953
2945,1742 SW Via Laura,Port Saint Lucie,FL,34953
2946,191 SUN CIR,FORT MYERS,FL,33905
2947,2121 COLLIER AVE 317,FORT MYERS,FL,33901
2948,2323 KATHERINE ST,FORT MYERS,FL,33901
2949,2338 SE MASTER AVE,Port Saint Lucie,FL,34953
2950,2380 SW Cameo BLVD,Port Saint Lucie,FL,34953
2951,2574 SW Dalpina RD,Port Saint Lucie,FL,34953
2952,2743 FIRST ST 2503,FORT MYERS,FL,33916
2953,3189 SW Blackmur ST,Port Saint Lucie,FL,34953
2954,3265 SW Collings DR,Port Saint Lucie,FL,34953
2955,368 SW N QUICK CIR,Port Saint Lucie,FL,34953
2956,39 EDGEWATER DR,PALM COAST,FL,32164
2957,443 SW TARRA AVE,Port Saint Lucie,FL,34953
2958,4839 IPSWITCH CT,FORT MYERS,FL,33907
2959,5 UNISON CT,PALM COAST,FL,32164
2960,5329 SUMMERLIN RD 2916,FORT MYERS,FL,33919
2961,5567 BRIGHTWOOD DR,FORT MYERS,FL,33905
2962,5593 BRIARCLIFF RD,FORT MYERS,FL,33912
2963,6430 ESTERO BAY DR,FORT MYERS,FL,33908
2964,649 SW TWIG AVE,Port Saint Lucie,FL,34953
2965,7 AVENUE DE LA MER 1003,PALM COAST,FL,32137
2966,9317 AVIANO DR,FORT MYERS,FL,33913
2967,97 RAINTREE CIR,PALM COAST,FL,32164
2968,9901 SUNSET COVE LN 231,FORT MYERS,FL,33919
2969,11041 HARBOUR YACHT CT 3,FORT MYERS,FL,33908
2970,12 BUNKER KNOLLS LN,PALM COAST,FL,32137
2971,12843 FOX HOLLOW CIR,FORT MYERS,FL,33912
2972,13130 CROSS CREEK BLVD 112,FORT MYERS,FL,33912
2973,1412 CLARET CT,FORT MYERS,FL,33919
2974,14901 PARK LAKE DR 202,FORT MYERS,FL,33919
2975,1525 EDGEWATER CIR,FORT MYERS,FL,33919
2976,1564 SE ROYAL GREEN CIR 201,Port Saint Lucie,FL,34953
2977,1698 SW MACKENZIE ST,Port Saint Lucie,FL,34953
2978,180 SW Dalton CIR,Port Saint Lucie,FL,34953
2979,2 N RIVERWALK DR,PALM COAST,FL,32137
2980,23 EDGEWATER DR,PALM COAST,FL,32164
2981,2423 SE PASCAL AVE,Port Saint Lucie,FL,34953
2982,2538 SW Bayshore BLVD,Port Saint Lucie,FL,34953
2983,32 BELVEDERE LN,PALM COAST,FL,32137
2984,3425 SW VENDOME ST,Port Saint Lucie,FL,34953
2985,5248 NW GAMMA ST,Port Saint Lucie,FL,34953
2986,5711 MONTILLA DR,FORT MYERS,FL,33919
2987,576 NW Cortina LN,Port Saint Lucie,FL,34986
2988,6454 NW POLLY CT,Port Saint Lucie,FL,34953
2989,674 SE Capon Terr,Port Saint Lucie,FL,34953
2990,71/73 71/73 ALVA DR,FORT MYERS BEACH,FL,33931
2991,91 WELLWOOD LN,PALM COAST,FL,32164
2992,1017 SW Cairo AVE,Port Saint Lucie,FL,34953
2993,11 HAVERHILL CT,FORT MYERS,FL,33919
2994,11140 CARAVEL CIR 310,FORT MYERS,FL,33908
2995,12178 SW Bennington CIR,Port Saint Lucie,FL,34987
2996,12819 GUILDFORD TER,FORT MYERS,FL,33913
2997,12903 HADLEY CT,FORT MYERS,FL,33913
2998,13650 OVENBIRD DR,FORT MYERS,FL,33908
2999,14234 HILTON HEAD DR,FORT MYERS,FL,33919
3000,14532 DOLCE VISTA RD 201,FORT MYERS,FL,33908
3001,15670 LAKE CANDLEWOOD DR,FORT MYERS,FL,33908
3002,17311 KATYDID LN,FORT MYERS,FL,33913
3003,180 IBIS ST,FORT MYERS BEACH,FL,33931
3004,1821 SW MICHELANGELO AVE,Port Saint Lucie,FL,34953
3005,18372 ROSEAPPLE LN,FORT MYERS,FL,33967
3006,19 PONTIAC LN,PALM COAST,FL,32164
3007,1944 SW Beekman ST,Port Saint Lucie,FL,34953
3008,2034 SW TROPICAL TERR,Port Saint Lucie,FL,34953
3009,2081 SW VILLANOVA RD,Port Saint Lucie,FL,34953
3010,2088 ESTERO BLVD 3B,FORT MYERS BEACH,FL,33931
3011,2726 SWAMP CABBAGE CT,FORT MYERS,FL,33901
3012,326 SHORE DR,FORT MYERS,FL,33905
3013,3302 SW ESPERANTO ST,Port Saint Lucie,FL,34953
3014,35 WHEELING LN,PALM COAST,FL,32164
3015,390 SW North Shore BLVD,Port Saint Lucie,FL,34986
3016,413 SW Columbus DR,Port Saint Lucie,FL,34953
3017,4155 E RIVER DR,FORT MYERS,FL,33916
3018,5455 HARBOUR CASTLE DR,FORT MYERS,FL,33907
3019,5472 CAPBERN CT,FORT MYERS,FL,33919
3020,57 BURNELL DR,PALM COAST,FL,32137
3021,5868 NW LEGHORN AVE,Port Saint Lucie,FL,34953
3022,618 SW LAKE CHARLES CIR,Port Saint Lucie,FL,34953
3023,697 ASTARIAS CIR,FORT MYERS,FL,33919
3024,9 FORT CAROLINE CT,PALM COAST,FL,32137
3025,10931 SW Dunhill CT,Port Saint Lucie,FL,34987
3026,1117 SE MENDOZA AVE,Port Saint Lucie,FL,34953
3027,12474 CROOKED CREEK LN,FORT MYERS,FL,33913
3028,13 ROLLER LN,PALM COAST,FL,32164
3029,1535 LIVE OAK DR,FORT MYERS,FL,33916
3030,1586 SW GADSAN AVE,Port Saint Lucie,FL,34953
3031,1629 SE North Blackwell DR,Port Saint Lucie,FL,34953
3032,16891-897 16891-897 CARMEN AVE,FORT MYERS,FL,33908
3033,18 CEDARWOOD CT,PALM COAST,FL,32137
3034,19 EVANSVILLE LN,PALM COAST,FL,32164
3035,1923 WRIGHT ST,FORT MYERS,FL,33916
3036,338 NW Camrose ST,Port Saint Lucie,FL,34953
3037,3868 MADISON AVE,FORT MYERS,FL,33916
3038,4 WHITE HAVEN LN,PALM COAST,FL,32164
3039,401 SE KARNEY TERR,Port Saint Lucie,FL,34953
3040,411 SW RUFFNER CT,Port Saint Lucie,FL,34953
3041,6064 MONTEGO BAY LOOP,FORT MYERS,FL,33908
3042,6122 NW DURIAN ST,Port Saint Lucie,FL,34953
3043,62 LANGDON DR,PALM COAST,FL,32137
3044,9 BRISTOL LN,PALM COAST,FL,32137
3045,94 PINE GROVE DR,PALM COAST,FL,32164
3046,9569 GLADIOLUS BLOSSOM CT,FORT MYERS,FL,33908
3047,1025 SW FIRESTONE AVE,Port Saint Lucie,FL,34953
3048,1107 WHITEHEAD CREEK LOOP,FORT MYERS,FL,33916
3049,120 SW Amesbury AVE,Port Saint Lucie,FL,34953
3050,14550 HICKORY HILL CT 1125,FORT MYERS,FL,33912
3051,15 HARGROVE LN 1B,PALM COAST,FL,32137
3052,16 BIRD TREE PL,PALM COAST,FL,32137
3053,16585 LAKE CIRCLE DR 138,FORT MYERS,FL,33908
3054,17026 PORTA VECCHIO WAY 101, NAPLES,FL,34110
3055,18554 TULIP RD,FORT MYERS,FL,33967
3056,1886 SW Del Rio BLVD,Port Saint Lucie,FL,34953
3057,1932 SW MCALLISTER LN,Port Saint Lucie,FL,34953
3058,20 ROXANNE LN,PALM COAST,FL,32164
3059,2748 EVANS AVE,FORT MYERS,FL,33901
3060,3160 RIVER GROVE CIR,FORT MYERS,FL,33905
3061,320 SW FIG AVE,Port Saint Lucie,FL,34953
3062,3752 SW KARIN ST,Port Saint Lucie,FL,34953
3063,412 SW Crawfish DR,Port Saint Lucie,FL,34953
3064,5619/5621 5619/5621 TENTH AVE,FORT MYERS,FL,33907
3065,60 SURFVIEW DR 122,PALM COAST,FL,32137
3066,6341 ARAGON WAY 304,FORT MYERS,FL,33966
3067,8542 LAGOON RD,FORT MYERS BEACH,FL,33931
3068,9046 ASTONIA WAY,FORT MYERS,FL,33967
3069,934 SW LIBERTY AVE,Port Saint Lucie,FL,34953
3070,10370 WASHINGTONIA PALM WAY 4331,FORT MYERS,FL,33966
3071,11 SLIPPERY ROCK PL,PALM COAST,FL,32164
3072,11671 ISLE OF PALMS DR,FORT MYERS BEACH,FL,33931
3073,12 CAROLLO CT,PALM COAST,FL,32137
3074,12024 LEDGEWOOD CIR,FORT MYERS,FL,33913
3075,1214 SW Abacus AVE,Port Saint Lucie,FL,34953
3076,12690 EQUESTRIAN CIR 2404,FORT MYERS,FL,33907
3077,128 SW Peacock BLVD 15-105,Port Saint Lucie,FL,34986
3078,1530 SE PITCHER RD,Port Saint Lucie,FL,34953
3079,2037 CARRELL RD,FORT MYERS,FL,33901
3080,2085 SE HANFORD RD,Port Saint Lucie,FL,34953
3081,2099 SE ESTERBROOK ST,Port Saint Lucie,FL,34953
3082,2231 QUEEN ANNE DR,FORT MYERS,FL,33905
3083,2430 KENNESAW ST,FORT MYERS,FL,33901
3084,2828 JACKSON ST L4,FORT MYERS,FL,33901
3085,29 FLINT HILL LN,PALM COAST,FL,32137
3086,327 SW BECKER RD,Port Saint Lucie,FL,34953
3087,349 SW WHITMORE DR,Port Saint Lucie,FL,34953
3088,4275 BELLASOL CIR 2222,FORT MYERS,FL,33916
3089,430 FAIRFAX DR,FORT MYERS,FL,33905
3090,4731 HUNTERS GREEN DR,FORT MYERS,FL,33905
3091,4750 ESTERO BLVD 202,FORT MYERS BEACH,FL,33931
3092,5 VIA ROMA,PALM COAST,FL,32137
3093,533 SW Indian Key DR,Port Saint Lucie,FL,34986
3094,550 SW TWIG AVE,Port Saint Lucie,FL,34983
3095,6 KAISER PL,PALM COAST,FL,32164
3096,7400 COLLEGE PKWY 8C,FORT MYERS,FL,33907
3097,8 MOUNT VERNON LN,PALM COAST,FL,32164
3098,8270 PATHFINDER LOOP 818,FORT MYERS,FL,33919
3099,8683 SOUTH LAKE CIR,FORT MYERS,FL,33908
3100,9453 MONTEBELLO WAY 107,FORT MYERS,FL,33908
3101,9629 PINEAPPLE PRESERVE CT,FORT MYERS,FL,33908
3102,1050 SW PROVINCETOWN LN,Port Saint Lucie,FL,34953
3103,1080 SE PORT ST LUCIE BLVD 1046-1048,Port Saint Lucie,FL,34982
3104,11205 SW Northland DR,Port Saint Lucie,FL,34987
3105,1311 SW JERICHO AVE,Port Saint Lucie,FL,34953
3106,14891 HOLE IN ONE CIR 210,FORT MYERS,FL,33919
3107,15581 LOCKMABEN AVE,FORT MYERS,FL,33912
3108,15850 PORTOFINO SPRINGS BLVD 107,FORT MYERS,FL,33908
3109,18 PRIORY LN,PALM COAST,FL,32164
3110,18 LINCOLN LN,PALM COAST,FL,32137
3111,2212 SE TILE TERR,Port Saint Lucie,FL,34953
3112,2449 SW RONEY RD,Port Saint Lucie,FL,34953
3113,2847 SE EAGLE DR,Port Saint Lucie,FL,34953
3114,3250 SW FILLMORE ST,Port Saint Lucie,FL,34953
3115,339 SW DWIGHT AVE,Port Saint Lucie,FL,34953
3116,366 SE LANCASTER AVE,Port Saint Lucie,FL,34953
3117,377 NW Granville ST,Port Saint Lucie,FL,34986
3118,4344 BELLARIA WAY,FORT MYERS,FL,33916
3119,498 SWEETGUM LN,PALM COAST,FL,32137
3120,5 COTTONTON CT,PALM COAST,FL,32137
3121,5825 TRAILWINDS DR 416,FORT MYERS,FL,33907
3122,679 SE Chapman AVE,Port Saint Lucie,FL,34953
3123,741 SW DUXBURY AVE,Port Saint Lucie,FL,34953
3124,900 HIGH TIDE LN,FORT MYERS BEACH,FL,33931
3125,9235 BELLEZA WAY 202,FORT MYERS,FL,33908
3126,109 BRITTANY LN,PALM COAST,FL,32137
3127,11612 GIULIA DR,FORT MYERS,FL,33913
3128,12200 CYPRESS DR,FORT MYERS,FL,33908
3129,12411 CROOKED CREEK LN,FORT MYERS,FL,33913
3130,12551 WALDEN RUN DR,FORT MYERS,FL,33913
3131,12581 KELLY SANDS WAY 526,FORT MYERS,FL,33908
3132,129 BIRD OF PARADISE DR,PALM COAST,FL,32137
3133,14050 CARIBBEAN BLVD,FORT MYERS,FL,33905
3134,15048 BONAIRE CIR,FORT MYERS,FL,33908
3135,1724 PINE VALLEY DR 106,FORT MYERS,FL,33907
3136,1758 SW Cordova ST,Port Saint Lucie,FL,34953
3137,1841 SW Citation AVE,Port Saint Lucie,FL,34953
3138,19701 MARINO LAKE CIR 1203,FORT MYERS,FL,33913
3139,28 LAMOUR LN,PALM COAST,FL,32137
3140,32 PIEDMONT DR,PALM COAST,FL,32164
3141,33 EDMOND PL,PALM COAST,FL,32164
3142,3544 SW HALE ST,Port Saint Lucie,FL,34953
3143,3906 CHERRYBROOK LOOP,FORT MYERS,FL,33966
3144,400 PEAVY,PALM COAST,FL,32137
3145,411 NW Shoreview DR,Port Saint Lucie,FL,34986
3146,416 SE JUPITER TERR,Port Saint Lucie,FL,34953
3147,428 NW MARION AVE,Port Saint Lucie,FL,34953
3148,481 SW N QUICK CIR,Port Saint Lucie,FL,34953
3149,538 SW NADELL AVE,Port Saint Lucie,FL,34953
3150,6610 ESTERO BLVD 22,FORT MYERS BEACH,FL,33931
3151,7 CLARIDGE CT S,PALM COAST,FL,32137
3152,824 SW SQUIRREL AVE,Port Saint Lucie,FL,34953
3153,864 NW Leonardo CIR,Port Saint Lucie,FL,34986
3154,8681 BANYAN BAY BLVD,FORT MYERS,FL,33908
3155,11 RAINMILL PL,PALM COAST,FL,32164
3156,11030 LAZY ACRES LN,FORT MYERS,FL,33905
3157,1131 SW ITHACA ST,Port Saint Lucie,FL,34953
3158,119 BICKFORD DR,PALM COAST,FL,32137
3159,1265 SW Asturia AVE,Port Saint Lucie,FL,34953
3160,13120 CROSS CREEK BLVD 202,FORT MYERS,FL,33912
3161,1351 SE Coral Reef ST,Port Saint Lucie,FL,34953
3162,1780 AUGUSTA DR 101,FORT MYERS,FL,33907
3163,19281 SAN CARLOS BLVD 6,FORT MYERS BEACH,FL,33931
3164,2041 SE TALWOOD LN,Port Saint Lucie,FL,34953
3165,2199 SW Cameo BLVD,Port Saint Lucie,FL,34953
3166,22 RYKEN LN,PALM COAST,FL,32164
3167,2209 SW ELMWOOD AVE,Port Saint Lucie,FL,34953
3168,2472 SE HILLARD RD,Port Saint Lucie,FL,34953
3169,36 SEAGOING TRL,PALM COAST,FL,32164
3170,3849 BELMONT ST,FORT MYERS,FL,33916
3171,392 SW LACROIX AVE,Port Saint Lucie,FL,34953
3172,4 SHERBURY CT,PALM COAST,FL,32137
3173,4201 SW SAVONA BLVD,Port Saint Lucie,FL,34953
3174,429 SW DUVAL AVE,Port Saint Lucie,FL,34953
3175,4957 HOLLY DR,FORT MYERS,FL,33905
3176,50 BIRD OF PARADISE DR,PALM COAST,FL,32137
3177,5325 SUMMERLIN RD 2508,FORT MYERS,FL,33919
3178,54 UNIVERSAL TRL,PALM COAST,FL,32164
3179,5405 MAPLE SYRUP ST,FORT MYERS,FL,33908
3180,6142 MEADOW VIEW CIR,FORT MYERS,FL,33916
3181,6146 WHISKEY CREEK DR 723,FORT MYERS,FL,33919
3182,65 RIVERVIEW BND S 1711,PALM COAST,FL,32137
3183,758 SW Munjack CIR,Port Saint Lucie,FL,34986
3184,8165 ANHINGA RD,FORT MYERS,FL,33967
3185,941 SW JANETTE AVE,Port Saint Lucie,FL,34953
3186,9549 RIVER OTTER DR,FORT MYERS,FL,33912
3187,10 CLARIDGE CT N,PALM COAST,FL,32137
3188,102 SE Fiore Bello,Port Saint Lucie,FL,34953
3189,10560 SW Stephanie WAY 1-101,Port Saint Lucie,FL,34987
3190,121 SE JUPER AVE,Port Saint Lucie,FL,34953
3191,12171 KELLY SANDS WAY 1585,FORT MYERS,FL,33908
3192,14271 HICKORY LINKS CT 1315,FORT MYERS,FL,33912
3193,1502 SW NEPTUNE AVE,Port Saint Lucie,FL,34953
3194,15431 CATALPA COVE LN,FORT MYERS,FL,33908
3195,16500 KELLY COVE DR 2887,FORT MYERS,FL,33908
3196,17025 GOLFSIDE CIR 303,FORT MYERS,FL,33908
3197,17090 CAM CT,FORT MYERS,FL,33967
3198,19160/162 19160/162 MIAMI BLVD,FORT MYERS,FL,33967
3199,221 LONDON DR,PALM COAST,FL,32137
3200,2301 SW Almansa AVE,Port Saint Lucie,FL,34953
3201,2326 SW INDIGO LN,Port Saint Lucie,FL,34953
3202,2924 ESTERO BLVD 204,FORT MYERS BEACH,FL,33931
3203,325 SW TODD AVE,Port Saint Lucie,FL,34953
3204,3781 SW HAINES ST,Port Saint Lucie,FL,34953
3205,39 WOOD CENTER LN,PALM COAST,FL,32164
3206,4 LLACER PL,PALM COAST,FL,32164
3207,4109 SW SAYBROOKE ST,Port Saint Lucie,FL,34953
3208,4611 CUMMINS CT,FORT MYERS,FL,33905
3209,49 BRICE LN,PALM COAST,FL,32137
3210,5370 PARK RD 3,FORT MYERS,FL,33908
3211,546 SE NOME DR,Port Saint Lucie,FL,34984
3212,5801 NW Burri CT,Port Saint Lucie,FL,34953
3213,591 NW Waverly CIR,Port Saint Lucie,FL,34986
3214,6383 NW REGAL CIR,Port Saint Lucie,FL,34953
3215,6964 ESSEX DR,FORT MYERS,FL,33919
3216,789 SAN CARLOS DR,FORT MYERS BEACH,FL,33931
3217,9631 HEMINGWAY LN 3604,FORT MYERS,FL,33913
3218,10094 SPYGLASS HILL LN,FORT MYERS,FL,33966
3219,1024 SW ESTAUGH AVE,Port Saint Lucie,FL,34953
3220,10708 AVILA CIR,FORT MYERS,FL,33913
3221,1241 SECOND ST,FORT MYERS,FL,33905
3222,13632 PINE VILLA LN,FORT MYERS,FL,33912
3223,142 PLAIN VIEW DR,PALM COAST,FL,32164
3224,1525 SW Aledo LN,Port Saint Lucie,FL,34953
3225,15781 WINDWARD WAY CIR 5204,FORT MYERS,FL,33908
3226,16440 MILLSTONE CIR 305,FORT MYERS,FL,33908
3227,16530 CROWNSBURY WAY 201,FORT MYERS,FL,33908
3228,1665 SW Umbria ST,Port Saint Lucie,FL,34953
3229,1798 SW PALERMO RD,Port Saint Lucie,FL,34953
3230,183 NW Willow Grove AVE,Port Saint Lucie,FL,34986
3231,18418 GERANIUM RD,FORT MYERS,FL,33967
3232,18432 IRIS RD,FORT MYERS,FL,33967
3233,1950 OLD KINGS RD N,PALM COAST,FL,32137
3234,200 OCEAN CREST DR 532N,PALM COAST,FL,32137
3235,2086 SE WILD MEADOW CIR,Port Saint Lucie,FL,34952
3236,2229 FRANKLIN ST,FORT MYERS,FL,33901
3237,225 SE VILLAGE DR 225,Port Saint Lucie,FL,34953
3238,2308 MORENO AVE,FORT MYERS,FL,33901
3239,2517 SE LYMAN CIR,Port Saint Lucie,FL,34953
3240,2901 SW SANDBAR ST,Port Saint Lucie,FL,34953
3241,3181 SW Fambrough ST,Port Saint Lucie,FL,34953
3242,4149 SW Alice ST,Port Saint Lucie,FL,34953
3243,4819 HIDDEN HARBOUR BLVD,FORT MYERS,FL,33919
3244,5540 WINKLER RD,FORT MYERS,FL,33919
3245,5765 BEECHWOOD TRL,FORT MYERS,FL,33919
3246,612 NW Whitfield WAY,Port Saint Lucie,FL,34986
3247,62 BELVEDERE LN,PALM COAST,FL,32137
3248,6208 MEADOW VIEW CIR,FORT MYERS,FL,33916
3249,658 SW TREASURE COVE,Port Saint Lucie,FL,34953
3250,6580 PINE ST,FORT MYERS,FL,33905
3251,6655 ESTERO BLVD 314,FORT MYERS BEACH,FL,33931
3252,7908 GO CANES WAY,FORT MYERS,FL,33966
3253,8407 BERNWOOD COVE LOOP 503,FORT MYERS,FL,33966
3254,1020 SE LADNER ST,Port Saint Lucie,FL,34953
3255,10350 WASHINGTONIA PALM WAY 4242,FORT MYERS,FL,33966
3256,11540 VILLA GRAND 1215,FORT MYERS,FL,33913
3257,12403 CROOKED CREEK LN,FORT MYERS,FL,33913
3258,12425 CHRASFIELD CHASE,FORT MYERS,FL,33913
3259,13190 BELLA CASA CIR 250,FORT MYERS,FL,33966
3260,14916 BONAIRE CIR,FORT MYERS,FL,33908
3261,15 RANCHER PL,PALM COAST,FL,32164
3262,15660 LAKE CANDLEWOOD DR,FORT MYERS,FL,33908
3263,17458 OLD HARMONY DR 102,FORT MYERS,FL,33908
3264,1761 SW Bonanza ST,Port Saint Lucie,FL,34953
3265,18930 BAY WOODS LAKE DR 202,FORT MYERS,FL,33908
3266,2118 CHANDLER AVE,FORT MYERS,FL,33907
3267,2317 SW Caballero ST,Port Saint Lucie,FL,34953
3268,2712 SE Worrell ST,Port Saint Lucie,FL,34953
3269,28 PRINCESS LUISE LN,PALM COAST,FL,32164
3270,30 N RIVERWALK DR,PALM COAST,FL,32137
3271,33 PRINCESS KIM LN,PALM COAST,FL,32164
3272,3898 SW Chaffin ST,Port Saint Lucie,FL,34953
3273,410 CONNECTICUT ST,FORT MYERS BEACH,FL,33931
3274,5496 CAPBERN CT,FORT MYERS,FL,33919
3275,6057 COCOS DR,FORT MYERS,FL,33908
3276,637 SW Branford RD,Port Saint Lucie,FL,34953
3277,714 SW Aruba Bay,Port Saint Lucie,FL,34953
3278,760 NW ENTERPRISE DR,Port Saint Lucie,FL,34986
3279,822 NW SORRENTO LN,Port Saint Lucie,FL,34986
3280,8981 DANIELS CENTER DR 205,FORT MYERS,FL,33912
3281,9 WINCHESTER PL,PALM COAST,FL,32164
3282,10380 DEER RUN FARMS RD,FORT MYERS,FL,33966
3283,10879 DENNINGTON RD,FORT MYERS,FL,33913
3284,12190 SW Running Oak CT,Port Saint Lucie,FL,34987
3285,12895 EPPING WAY,FORT MYERS,FL,33913
3286,1312 SW LEISURE LN,Port Saint Lucie,FL,34953
3287,1329 SE VESTRIDGE LN,Port Saint Lucie,FL,34953
3288,1511 ESTERO BLVD 209,FORT MYERS BEACH,FL,33931
3289,16011 LAKEVIEW DR,FORT MYERS,FL,33908
3290,16227 COCO HAMMOCK WAY 102,FORT MYERS,FL,33908
3291,1811 SW MONTERREY LN,Port Saint Lucie,FL,34953
3292,1827 SW Porta Nuova Terr,Port Saint Lucie,FL,34953
3293,19694 VILLA ROSA LOOP,FORT MYERS,FL,33967
3294,2 SEASON PL,PALM COAST,FL,32164
3295,200 ESTERO BLVD CU104,FORT MYERS BEACH,FL,33931
3296,2273 SE FRIENDSHIP ST,Port Saint Lucie,FL,34953
3297,2741 SE GARFIELD AVE,Port Saint Lucie,FL,34953
3298,2944 SW ROMANO RD,Port Saint Lucie,FL,34953
3299,35 PERROTTI LN,PALM COAST,FL,32164
3300,3681 MICHIGAN AVE,FORT MYERS,FL,33916
3301,4531 BAY BEACH LN 133,FORT MYERS BEACH,FL,33931
3302,4732 BLACKBERRY DR,FORT MYERS,FL,33905
3303,590 SW Dagget AVE,Port Saint Lucie,FL,34953
3304,6148 STRATTON RD,FORT MYERS,FL,33905
3305,7129 LAKERIDGE VIEW CT 403,FORT MYERS,FL,33907
3306,7440 BEAR HOLLOW CIR,FORT MYERS,FL,33967
3307,745 SW TULIP BLVD,Port Saint Lucie,FL,34953
3308,771 SW GRETCHEN TERR,Port Saint Lucie,FL,34953
3309,8172 SAN CARLOS BLVD,FORT MYERS,FL,33967
3310,8336 NW Greenbank CIR,Port Saint Lucie,FL,34987
3311,843 SW JASLO AVE,Port Saint Lucie,FL,34953
3312,8591 SUMNER AVE,FORT MYERS,FL,33908
3313,10285 BISMARK PALM WAY 1028,FORT MYERS,FL,33966
3314,11120 RANCHETTE RD,FORT MYERS,FL,33966
3315,13740 SHAWNEE RD,FORT MYERS,FL,33913
3316,1434 ARGYLE DR,FORT MYERS,FL,33919
3317,1784 AUGUSTA DR 204,FORT MYERS,FL,33907
3318,19281 SAN CARLOS BLVD 22,FORT MYERS BEACH,FL,33931
3319,200 OCEAN CREST DR 207,PALM COAST,FL,32137
3320,326 SE LANCASTER AVE,Port Saint Lucie,FL,34953
3321,34 SEAMAN TRL E,PALM COAST,FL,32164
3322,3855 KNOWLTON ST,FORT MYERS,FL,33905
3323,4110 SABAL LN,FORT MYERS,FL,33905
3324,4349 TUFTS AVE,FORT MYERS,FL,33901
3325,450 OLD SAN CARLOS BLVD 310,FORT MYERS BEACH,FL,33931
3326,602 SW MCCOMB AVE,Port Saint Lucie,FL,34953
3327,6036 JADESTONE AVE,FORT MYERS,FL,33905
3328,8908 VIA ISOLA CT,FORT MYERS,FL,33966
3329,10147 SW Ambrose WAY,Port Saint Lucie,FL,34986
3330,10526 CARENA CIR,FORT MYERS,FL,33913
3331,11688 MEADOWRUN CIR,FORT MYERS,FL,33913
3332,131 SW KLEE CIR,Port Saint Lucie,FL,34953
3333,15 LIVE OAK LN,PALM COAST,FL,32137
3334,15051 PUNTA RASSA RD 232,FORT MYERS,FL,33908
3335,15485 OMAI CT,FORT MYERS,FL,33908
3336,15610 WILLOW OAK CT,FORT MYERS,FL,33912
3337,15630 OCEAN WALK CIR 216,FORT MYERS,FL,33908
3338,1900 SW MONTERREY LN,Port Saint Lucie,FL,34953
3339,19760 OSPREY COVE BLVD 135,FORT MYERS,FL,33967
3340,20 BLASDELL CT,PALM COAST,FL,32137
3341,216 SW Maclay WAY,Port Saint Lucie,FL,34986
3342,2258 FRENCH ST,FORT MYERS,FL,33916
3343,2638 SE FLAVIA TERR,Port Saint Lucie,FL,34953
3344,2844 SE Buccaneer CIR,Port Saint Lucie,FL,34953
3345,29 WESTOVER LN,PALM COAST,FL,32164
3346,3 KANAWHA CT,PALM COAST,FL,32164
3347,30 EDGEWATER DR,PALM COAST,FL,32164
3348,321 SE NAVY AVE,Port Saint Lucie,FL,34953
3349,3304 SE FORD LN,Port Saint Lucie,FL,34953
3350,3957 VILLMOOR LN,FORT MYERS,FL,33919
3351,42 SEA FRONT TRL,PALM COAST,FL,32164
3352,4552 SW IMAGE DR,Port Saint Lucie,FL,34953
3353,459 SE NOME DR,Port Saint Lucie,FL,34953
3354,565 NW SAN REMO CIR,Port Saint Lucie,FL,34982
3355,640 NW VENETTO CT,Port Saint Lucie,FL,34986
3356,6555 ESTERO BLVD 6,FORT MYERS BEACH,FL,33931
3357,7060 BERGAMO WAY 102,FORT MYERS,FL,33966
3358,7117 QUAIL RUN CT W 15,FORT MYERS,FL,33908
3359,7878 BUCCANEER DR,FORT MYERS BEACH,FL,33931
3360,8801 BUSINESS PARK DR 203,FORT MYERS,FL,33912
3361,8916 TROPICAL CT,FORT MYERS,FL,33908
3362,10305 CREPE JASMINE LN,FORT MYERS,FL,33913
3363,1160 SE SANDIA DR,Port Saint Lucie,FL,34953
3364,1266 SW MEDINA AVE,Port Saint Lucie,FL,34953
3365,14 LAFAYETTE LN,PALM COAST,FL,32164
3366,144 NE SAGAMORE TERR,Port Saint Lucie,FL,34953
3367,157 BOULDER ROCK DR,PALM COAST,FL,32137
3368,16152 MOUNT ABBEY WAY 202,FORT MYERS,FL,33908
3369,16219 CROWN ARBOR WAY,FORT MYERS,FL,33908
3370,16410 KELLY COVE DR 321,FORT MYERS,FL,33908
3371,16561 HERON COACH WAY 101,FORT MYERS,FL,33908
3372,18 FRANKFORD LN,PALM COAST,FL,32137
3373,19670 MARINO LAKE CIR 2502,FORT MYERS,FL,33913
3374,210 REDFISH RD,FORT MYERS BEACH,FL,33931
3375,2601 SW IMPORT DR,Port Saint Lucie,FL,34953
3376,272 SW JANICE AVE,Port Saint Lucie,FL,34953
3377,3047 ESTERO BLVD 9B,FORT MYERS BEACH,FL,33931
3378,3322 SW HIMANGO ST,Port Saint Lucie,FL,34953
3379,3951 VILLMOOR LN,FORT MYERS,FL,33919
3380,4016 DESOTO AVE,FORT MYERS,FL,33916
3381,4239 LIRON AVE 204,FORT MYERS,FL,33916
3382,442 NW Shoreview DR,Port Saint Lucie,FL,34986
3383,451 SE Cork RD,Port Saint Lucie,FL,34953
3384,46 WHEELING LN,PALM COAST,FL,32164
3385,5305 SUMMERLIN RD 509,FORT MYERS,FL,33919
3386,623 NE Canoe Park CIR,Port Saint Lucie,FL,34983
3387,6777 WINKLER RD 152,FORT MYERS,FL,33919
3388,7 AVENUE DE LA MER 1103,PALM COAST,FL,32137
3389,701 NW Cabot ST,Port Saint Lucie,FL,34953
3390,7390 ESTERO BLVD 704,FORT MYERS BEACH,FL,33931
3391,8573 BRITTANIA DR,FORT MYERS,FL,33912
3392,8989 PASEO DE VALENCIA ST,FORT MYERS,FL,33908
3393,9060 SPRING MOUNTAIN WAY,FORT MYERS,FL,33908
3394,9915 VANILLALEAF ST,FORT MYERS,FL,33919
3395,10149 SILVER MAPLE CT,FORT MYERS,FL,33913
3396,11 KAYWOOD PL,PALM COAST,FL,32164
3397,12370 VILLAGIO WAY,FORT MYERS,FL,33912
3398,131 PARKGATE BLVD,PALM COAST,FL,32137
3399,1436 COLLINS RD,FORT MYERS,FL,33919
3400,15051 PUNTA RASSA RD 407,FORT MYERS,FL,33908
3401,156 FENIMORE LN,PALM COAST,FL,32137
3402,1608 SW Bayshore BLVD,Port Saint Lucie,FL,34953
3403,1727 PARK MEADOWS DR 2,FORT MYERS,FL,33907
3404,18144 HORSESHOE BAY CIR,FORT MYERS,FL,33967
3405,200 CINNAMON BEACH WAY 123,PALM COAST,FL,32137
3406,2129 SE HOLLAND ST,Port Saint Lucie,FL,34953
3407,218 DES CARTES ST,FORT MYERS,FL,33913
3408,269 SW North Wakefield CIR,Port Saint Lucie,FL,34953
3409,3006 CELADAS CT,FORT MYERS,FL,33905
3410,3790 MOSSY OAK DR,FORT MYERS,FL,33905
3411,4 ROCKET LN,PALM COAST,FL,32164
3412,404 SW MAGNOLIA COVE,Port Saint Lucie,FL,34953
3413,4181 SW RARDIN ST,Port Saint Lucie,FL,34953
3414,4574 SW VAN DYKE ST,Port Saint Lucie,FL,34953
3415,5 WATERFORD PL,PALM COAST,FL,32164
3416,5676 BADEN CT,FORT MYERS,FL,33919
3417,8976 GREENWICH HILLS WAY 201,FORT MYERS,FL,33908
3418,9070 LAREDO AVE,FORT MYERS,FL,33905
3419,9708 SW Eastbrook CIR,Port Saint Lucie,FL,34987
3420,10015 SALINA ST,FORT MYERS,FL,33905
3421,11460 CARAVEL CIR 5027,FORT MYERS,FL,33908
3422,13 HOLLY RD,PALM COAST,FL,32137
3423,143 SW PILSNER CIR,Port Saint Lucie,FL,34953
3424,14591 FAIR HAVENS RD,FORT MYERS,FL,33908
3425,14631 GLEN COVE DR 1602,FORT MYERS,FL,33919
3426,14752 CALUSA PALMS DR 204,FORT MYERS,FL,33919
3427,15770 WINDWARD WAY CIR 2203,FORT MYERS,FL,33908
3428,1682 S MAYFAIR RD,FORT MYERS,FL,33919
3429,18195 CUTLASS DR,FORT MYERS BEACH,FL,33931
3430,19 PINELARK LN,PALM COAST,FL,32164
3431,1908 SW GRANELLO TERR,Port Saint Lucie,FL,34953
3432,1982 SW SUNGLOW ST,Port Saint Lucie,FL,34953
3433,2219 SE GASLIGHT ST,Port Saint Lucie,FL,34953
3434,3445 STELLA ST,FORT MYERS,FL,33916
3435,38 POST VIEW DR,PALM COAST,FL,32164
3436,400 LENELL RD 511,FORT MYERS BEACH,FL,33931
3437,5 WAYSIDE PL,PALM COAST,FL,32164
3438,5303 WHITE SKY CIR,FORT MYERS,FL,33908
3439,581 SW FIELDS AVE,Port Saint Lucie,FL,34953
3440,7011 BABCOCK RD,FORT MYERS,FL,33967
3441,7146 ESTERO BLVD 311,FORT MYERS BEACH,FL,33931
3442,8259 CALOOSA RD,FORT MYERS,FL,33967
3443,8901 CARILLON ESTATES WAY,FORT MYERS,FL,33912
3444,9288 RIVER OTTER DR,FORT MYERS,FL,33912
3445,10509 SEVILLA DR 102,FORT MYERS,FL,33913
3446,1120 SW IRVING ST,Port Saint Lucie,FL,34953
3447,1125 SW ESTAUGH AVE,Port Saint Lucie,FL,34953
3448,11291 RED BLUFF LN,FORT MYERS,FL,33912
3449,11480 MCGREGOR BLVD,FORT MYERS,FL,33919
3450,12380 SW Keating DR,Port Saint Lucie,FL,34987
3451,14 UNIONTIN CT,PALM COAST,FL,32164
3452,14601 HIGHLAND HARBOUR CT,FORT MYERS,FL,33908
3453,14931 PARK LAKE DR 103,FORT MYERS,FL,33919
3454,16 BARLEY LN,PALM COAST,FL,32137
3455,1646 CORONADO RD,FORT MYERS,FL,33901
3456,16624 CORAL DR,FORT MYERS,FL,33908
3457,16813 DAVIS RD 314,FORT MYERS,FL,33908
3458,17032 COLONY LAKES BLVD,FORT MYERS,FL,33908
3459,173 SE Fallon DR,Port Saint Lucie,FL,34953
3460,1773 SW HAMPSHIRE LN,Port Saint Lucie,FL,34953
3461,17971 BERMUDA DUNES DR,FORT MYERS,FL,33967
3462,18 RIVER OAKS WAY,PALM COAST,FL,32137
3463,1826 SW Agnes ST,Port Saint Lucie,FL,34953
3464,1850 BOY SCOUT DR 105,FORT MYERS,FL,33907
3465,18507 EVERGREEN RD,FORT MYERS,FL,33967
3466,205 SW PARISH TERR,Port Saint Lucie,FL,34953
3467,2526 SW FAIRGREEN RD,Port Saint Lucie,FL,34953
3468,29 EMERSON DR,PALM COAST,FL,32164
3469,308 NW FERRIS DR,Port Saint Lucie,FL,34953
3470,3289 SW FILLMORE ST,Port Saint Lucie,FL,34953
3471,36 PIEDMONT DR,PALM COAST,FL,32164
3472,5309 SUMMERLIN RD 905,FORT MYERS,FL,33919
3473,5445 AVENIDA PESCADORA,FORT MYERS BEACH,FL,33931
3474,562 NW TWYLITE TERR,Port Saint Lucie,FL,34953
3475,7 BRENNON PL,PALM COAST,FL,32137
3476,7 LAMOYNE LN,PALM COAST,FL,32137
3477,7 IBIS CT N,PALM COAST,FL,32137
3478,11070 LAKELAND CIR,FORT MYERS,FL,33913
3479,1192 SW Dalton AVE,Port Saint Lucie,FL,34953
3480,1209 NW Bentley CIR A,Port Saint Lucie,FL,34986
3481,1500 POPHAM DR A1,FORT MYERS,FL,33919
3482,15431 N MALLARD LN,FORT MYERS,FL,33913
3483,1682 SW Diamond ST,Port Saint Lucie,FL,34953
3484,16830 JACARANDA DR,FORT MYERS,FL,33908
3485,18056 SAN CARLOS BLVD 165,FORT MYERS BEACH,FL,33931
3486,1919 SE Oldsmar DR,Port Saint Lucie,FL,34952
3487,22 WOODSHIRE LN,PALM COAST,FL,32164
3488,2213 BRANDON ST,FORT MYERS,FL,33907
3489,222 POINSETTIA DR,FORT MYERS,FL,33905
3490,23 BUTTONBUSH LN,PALM COAST,FL,32137
3491,2317 SW Antiquera ST,Port Saint Lucie,FL,34953
3492,2420-2430 2420-2430 CONCORDE DR,FORT MYERS,FL,33901
3493,27 EVANS DR,PALM COAST,FL,32164
3494,4280 ESTERO BLVD,FORT MYERS BEACH,FL,33931
3495,449 SW DOLORES AVE,Port Saint Lucie,FL,34953
3496,502 MCGREGOR PARK CIR,FORT MYERS,FL,33908
3497,6 RANDOU PL,PALM COAST,FL,32164
3498,71 BROOKSIDE LN,PALM COAST,FL,32137
3499,8331 BERNWOOD COVE LOOP 1407,FORT MYERS,FL,33966
3500,9051 SHADOW GLEN WAY,FORT MYERS,FL,33913
3501,10911 SANDIN RD,FORT MYERS,FL,33905
3502,1104 WINDSOR DR,FORT MYERS,FL,33905
3503,11048 STARDUST DR,FORT MYERS,FL,33908
3504,11521 VILLA GRAND 907,FORT MYERS,FL,33913
3505,12819 KEDLESTON CIR,FORT MYERS,FL,33912
3506,1432 SW MELROSE AVE,Port Saint Lucie,FL,34953
3507,1601 SE LORRAINE ST,Port Saint Lucie,FL,34953
3508,16381 KELLY WOODS DR 154,FORT MYERS,FL,33908
3509,16496 CROWN ARBOR WAY,FORT MYERS,FL,33908
3510,16575 LAKE CIRCLE DR 1142,FORT MYERS,FL,33908
3511,17214 WRIGLEY CIR,FORT MYERS,FL,33908
3512,1825 SE VESTHAVEN CT,Port Saint Lucie,FL,34953
3513,200 OCEAN CREST DR 634N,PALM COAST,FL,32137
3514,237 SW RIDGECREST DR,Port Saint Lucie,FL,34953
3515,2512 SE Anchorage Cove H-2,Port Saint Lucie,FL,34953
3516,2514 SE West Blackwell DR,Port Saint Lucie,FL,34953
3517,2816 SW PORT ST LUCIE BLVD,Port Saint Lucie,FL,34953
3518,307 EDEN ISLE PL,FORT MYERS,FL,33913
3519,3265 ANTICA ST,FORT MYERS,FL,33905
3520,3529 GLENN DR,FORT MYERS,FL,33901
3521,38 FRENEAU LN,PALM COAST,FL,32137
3522,455 NW RAVENSWOOD LN,Port Saint Lucie,FL,34953
3523,47 EMILY LN,FORT MYERS BEACH,FL,33931
3524,5752 NW Zenith DR,Port Saint Lucie,FL,34953
3525,5830 TALLOWOOD CIR,FORT MYERS,FL,33919
3526,588 NW MONICA ST,Port Saint Lucie,FL,34953
3527,656 PROSPECT AVE,FORT MYERS,FL,33905
3528,7 SENTRY OAK PL,PALM COAST,FL,32137
3529,762 SW Andrew RD,Port Saint Lucie,FL,34953
3530,808 SE SWEETBAY AVE,Port Saint Lucie,FL,34953
3531,83 PINE CIRCLE DR,PALM COAST,FL,32164
3532,836 SW LAKE CHARLES CIR,Port Saint Lucie,FL,34953
3533,89 FELLOWSHIP DR,PALM COAST,FL,32137
3534,9788 SW Nuova WAY,Port Saint Lucie,FL,34950
3535,107 FRANKFORD LN,PALM COAST,FL,32137
3536,1084 7TH ST, OKEECHOBEE,FL,34974
3537,1133 SW IVANHOE ST,Port Saint Lucie,FL,34953
3538,11901 IZARRA WAY 8602,FORT MYERS,FL,33912
3539,11970 CHAMPIONS GREEN WAY 107,FORT MYERS,FL,33913
3540,124 SE Bella Strano,Port Saint Lucie,FL,34984
3541,124 DIANA AVE,FORT MYERS,FL,33905
3542,12826 IONA RD,FORT MYERS,FL,33908
3543,1300 CANOPY WALK LN 1333,PALM COAST,FL,32137
3544,13411 GATEWAY DR 226,FORT MYERS,FL,33919
3545,13860 AVON PARK CIR 203,FORT MYERS,FL,33912
3546,1548 ARGYLE DR,FORT MYERS,FL,33919
3547,16 CROSSBOW CT,PALM COAST,FL,32137
3548,1602 SE HOLIDAY RD,Port Saint Lucie,FL,34953
3549,16053 VIA SOLERA CIR 104,FORT MYERS,FL,33908
3550,16130 VIA SOLERA CIR 104,FORT MYERS,FL,33908
3551,16244 EDGEMONT DR,FORT MYERS,FL,33908
3552,1771 SE DURANGO ST,Port Saint Lucie,FL,34953
3553,181 SW Palm DR 108,Port Saint Lucie,FL,34986
3554,18398 TULIP RD,FORT MYERS,FL,33967
3555,2 PLAYERS CIR,PALM COAST,FL,32137
3556,20 LEE DR,PALM COAST,FL,32137
3557,2026 SW VILLANOVA RD,Port Saint Lucie,FL,34953
3558,2042 SW Cameo BLVD,Port Saint Lucie,FL,34953
3559,2111 SE FLAGSTONE CT,Port Saint Lucie,FL,34953
3560,221 SW Glen RD,Port Saint Lucie,FL,34953
3561,2225 GORHAM AVE,FORT MYERS,FL,33907
3562,2277 SW EDISON CIR,Port Saint Lucie,FL,34953
3563,2317 SW Wynnewood RD,Port Saint Lucie,FL,34953
3564,2490 SW Avondale ST,Port Saint Lucie,FL,34953
3565,2828 JACKSON ST I6,FORT MYERS,FL,33901
3566,3781 SW Wycoff ST,Port Saint Lucie,FL,34953
3567,5 CRAMPTON CT,PALM COAST,FL,32137
3568,6530 NW OMEGA RD,Port Saint Lucie,FL,34953
3569,67 REIDSVILLE DR,PALM COAST,FL,32164
3570,732 SW Aruba Bay,Port Saint Lucie,FL,34953
3571,80 SURFVIEW DR 116,PALM COAST,FL,32137
3572,942 SW FABLE AVE,Port Saint Lucie,FL,34953
3573,960 SW Castaneda LN,Port Saint Lucie,FL,34953
3574,1 FITZGERALD LN,PALM COAST,FL,32137
3575,11195 SAND PINE CT,FORT MYERS,FL,33913
3576,11394 SW Hillcrest CIR,Port Saint Lucie,FL,34987
3577,1200 EASY ST,FORT MYERS,FL,33905
3578,12030 SUMMERGATE CIR 101,FORT MYERS,FL,33913
3579,1208 WALDEN DR,FORT MYERS,FL,33901
3580,12734 KENWOOD LN 64,FORT MYERS,FL,33907
3581,13 ZONAL GERANIUM CT,PALM COAST,FL,32164
3582,14800 EAGLES LOOKOUT CT,FORT MYERS,FL,33912
3583,1539 LINHART AVE,FORT MYERS,FL,33901
3584,17110 BRIDGESTONE CT 307,FORT MYERS,FL,33908
3585,19299 VINTAGE TRACE CIR,FORT MYERS,FL,33967
3586,2367 SE MANOR AVE,Port Saint Lucie,FL,34953
3587,2700 PARK WINDSOR DR 705,FORT MYERS,FL,33901
3588,3198 SW Blackmur ST,Port Saint Lucie,FL,34953
3589,3550 SW EUROPE ST,Port Saint Lucie,FL,34953
3590,40 SENECA PATH,PALM COAST,FL,32164
3591,4342 TUFTS AVE,FORT MYERS,FL,33901
3592,49 BARRINGTON DR,PALM COAST,FL,32137
3593,5 LLETHORN PL,PALM COAST,FL,32164
3594,5481 MANATEE BAY LN,FORT MYERS,FL,33905
3595,6545 HIGHLAND PINES CIR,FORT MYERS,FL,33966
3596,679 SE HARBOR VIEW DR,Port Saint Lucie,FL,34953
3597,7260 LAKE DR,FORT MYERS,FL,33908
3598,8032 TIGER PALM WAY,FORT MYERS,FL,33966
3599,9137 ASTONIA WAY,FORT MYERS,FL,33967
3600,10953 SW Blue Mesa WAY,Port Saint Lucie,FL,34987
3601,111 RAEMOOR DR,PALM COAST,FL,32164
3602,14961 HOLE IN ONE CIR 304,FORT MYERS,FL,33919
3603,16685 LAKE CIRCLE DR 1045,FORT MYERS,FL,33908
3604,17394 DUMONT DR,FORT MYERS,FL,33967
3605,205 SW KIMBALL CIR,Port Saint Lucie,FL,34953
3606,2100 MCGREGOR BLVD,FORT MYERS,FL,33901
3607,2921 SW ROSETTA ST,Port Saint Lucie,FL,34953
3608,3260 SW ROSSER BLVD,Port Saint Lucie,FL,34953
3609,386 TRICIA LN,FORT MYERS,FL,33908
3610,3997 SW KAMSLER ST,Port Saint Lucie,FL,34953
3611,4 WESTGRILL PL,PALM COAST,FL,32164
3612,5 POST LN,PALM COAST,FL,32164
3613,50 RUSSO DR,PALM COAST,FL,32164
3614,5260 S LANDINGS DR 1301,FORT MYERS,FL,33919
3615,5855 NW ETHEL CT,Port Saint Lucie,FL,34953
3616,6126 NW Densaw Terr,Port Saint Lucie,FL,34953
3617,64 ALLAN AVE,FORT MYERS,FL,33905
3618,752 NW VIRGINIA ST,Port Saint Lucie,FL,34953
3619,8161 KINGS BAY BLVD,FORT MYERS,FL,33967
3620,872 YOUNGREEN DR,FORT MYERS,FL,33913
3621,1088 SW Canary Terr,Port Saint Lucie,FL,34953
3622,11 ROLLING PL,PALM COAST,FL,32164
3623,1122 NW LOMBARDY DR,Port Saint Lucie,FL,34986
3624,1156 SE SABINA LN,Port Saint Lucie,FL,34953
3625,12401 MCGREGOR PALMS DR,FORT MYERS,FL,33908
3626,12570 EQUESTRIAN CIR 1407,FORT MYERS,FL,33907
3627,134 SW RAY AVE,Port Saint Lucie,FL,34953
3628,14084 HICKORY MARSH LN,FORT MYERS,FL,33912
3629,14521 LEGENDS BLVD N 204,FORT MYERS,FL,33912
3630,1481 COVINGTON CIR W,FORT MYERS,FL,33919
3631,1491 REYNARD DR,FORT MYERS,FL,33919
3632,1848 SE Fallon DR,Port Saint Lucie,FL,34953
3633,23 LAKESIDE WAY,PALM COAST,FL,32137
3634,25 PACIFIC DR,PALM COAST,FL,32164
3635,3627 PINE OAK CIR 107,FORT MYERS,FL,33916
3636,4 WINDOVER PL,PALM COAST,FL,32164
3637,4373 OLD KINGS RD N,PALM COAST,FL,32137
3638,461 NW Concord DR,Port Saint Lucie,FL,34953
3639,4981 LUCKETT RD,FORT MYERS,FL,33905
3640,5137 NW Wisk Fern CIR,Port Saint Lucie,FL,34986
3641,54 BROWNSTONE LN,PALM COAST,FL,32137
3642,5512 NW W LUNDY CIR,Port Saint Lucie,FL,34953
3643,9956 CHIANA CIR,FORT MYERS,FL,33905
3644,100 ESTERO BLVD 133,FORT MYERS BEACH,FL,33931
3645,12063 SW Bennington CIR,Port Saint Lucie,FL,34983
3646,13734 RIVER FOREST DR,FORT MYERS,FL,33905
3647,14010 WEST HYDE PARK DR 104,FORT MYERS,FL,33912
3648,14220 ROYAL HARBOUR CT 507,FORT MYERS,FL,33908
3649,14231 CHANCELLOR ST,FORT MYERS,FL,33905
3650,14351 HARBOUR LINKS CT 23C,FORT MYERS,FL,33908
3651,14475 CYPRESS TRACE CT,FORT MYERS,FL,33919
3652,14610 SUMMER ROSE WAY,FORT MYERS,FL,33919
3653,1551 SE Coply ST,Port Saint Lucie,FL,34953
3654,16 WOOD CLIFT LN,PALM COAST,FL,32164
3655,1798 SE DURANGO ST,Port Saint Lucie,FL,34953
3656,1952 SW OAKWOOD RD,Port Saint Lucie,FL,34953
3657,2166 SE SHIPPING RD,Port Saint Lucie,FL,34953
3658,2302 SW KENT CIR,Port Saint Lucie,FL,34953
3659,31 BUFFALO MEADOW LN,PALM COAST,FL,32137
3660,32 WELLHAM LN,PALM COAST,FL,32164
3661,3449 SW PRINCETON ST,Port Saint Lucie,FL,34953
3662,4525 SW SCOPE ST,Port Saint Lucie,FL,34953
3663,4544 WATERCOLOR WAY,FORT MYERS,FL,33966
3664,52 KARAS TRL,PALM COAST,FL,32164
3665,5863 NW Adger CT,Port Saint Lucie,FL,34953
3666,6152 NW Argyll LN,Port Saint Lucie,FL,34983
3667,8113 PELICAN RD,FORT MYERS,FL,33967
3668,832 SW Canary Terr,Port Saint Lucie,FL,34953
3669,9170 SOUTHMONT CV 105,FORT MYERS,FL,33908
3670,10700 RAVENNA WAY 206,FORT MYERS,FL,33913
3671,11220 CALLAWAY GREENS DR,FORT MYERS,FL,33913
3672,11630 SPOONBILL LN,FORT MYERS,FL,33913
3673,11681 NAVARRO WAY 1504,FORT MYERS,FL,33908
3674,13100 SHETLAND LN,FORT MYERS,FL,33912
3675,13130 CROSS CREEK BLVD 102,FORT MYERS,FL,33912
3676,2121 COLLIER AVE 415,FORT MYERS,FL,33901
3677,2214 SW JAY AVE,Port Saint Lucie,FL,34953
3678,2409 SE Delano RD,Port Saint Lucie,FL,34953
3679,3 SEA SHIP PL,PALM COAST,FL,32164
3680,37 PIERCE LN,PALM COAST,FL,32164
3681,37 ROLLING FERN DR,PALM COAST,FL,32164
3682,4061 SW KIDD CT,Port Saint Lucie,FL,34953
3683,4634 SW Athena DR,Port Saint Lucie,FL,34953
3684,509 NW GALATONE CT,Port Saint Lucie,FL,34986
3685,5811 NW Carr CT,Port Saint Lucie,FL,34953
3686,5851 BRIARCLIFF RD,FORT MYERS,FL,33912
3687,6223 DEER RUN,FORT MYERS,FL,33908
3688,7400 CONSTITUTION CIR 107,FORT MYERS,FL,33967
3689,767 SW Avens ST,Port Saint Lucie,FL,34953
3690,800 SW JAVA AVE,Port Saint Lucie,FL,34953
3691,9065 COLBY DR 2511,FORT MYERS,FL,33919
3692,9634 ROUNDSTONE CIR,FORT MYERS,FL,33967
3693,9717 SW Chestwood AVE,Port Saint Lucie,FL,34982
3694,10048 MAJESTIC AVE,FORT MYERS,FL,33913
3695,1050 SW Barbarosa AVE,Port Saint Lucie,FL,34953
3696,10730 RAVENNA WAY 105,FORT MYERS,FL,33913
3697,11620 COURT OF PALMS 602,FORT MYERS,FL,33908
3698,11940 CYPRESS LINKS DR,FORT MYERS,FL,33913
3699,1233 SW EMERALD AVE,Port Saint Lucie,FL,34953
3700,12748 ASTON OAKS DR,FORT MYERS,FL,33912
3701,13 NW Boundary DR,Port Saint Lucie,FL,34986
3702,1321 SW KAPOK AVE,Port Saint Lucie,FL,34953
3703,1329 OAKLAWN CT,FORT MYERS,FL,33919
3704,14 POINFIELD PL,PALM COAST,FL,32164
3705,14 PINE CREST LN,PALM COAST,FL,32164
3706,14030 HICKORY MARSH LN,FORT MYERS,FL,33912
3707,1524 SEABOARD ST,FORT MYERS,FL,33916
3708,1628 SE GREEN ACRES CIR I101,Port Saint Lucie,FL,34953
3709,1682 SW Caisor AVE,Port Saint Lucie,FL,34953
3710,17 AUBERRY DR,PALM COAST,FL,32137
3711,17040 GOLFSIDE CIR 805,FORT MYERS,FL,33908
3712,18129 CONSTITUTION CIR,FORT MYERS,FL,33967
3713,18202/204 18202/204 MATANZAS RD,FORT MYERS,FL,33967
3714,1865 SW OAKWOOD RD,Port Saint Lucie,FL,34953
3715,19681 SUMMERLIN RD 518,FORT MYERS,FL,33908
3716,2 ETHAN ALLEN DR,PALM COAST,FL,32164
3717,2269 KATHERINE ST 8,FORT MYERS,FL,33901
3718,2337 SW FERN CIR,Port Saint Lucie,FL,34953
3719,2341 SE GOWIN DR,Port Saint Lucie,FL,34953
3720,2357 SW NORTON ST,Port Saint Lucie,FL,34953
3721,2362 SW NORTON ST,Port Saint Lucie,FL,34953
3722,2502 SW Brescia ST,Port Saint Lucie,FL,34953
3723,260 PALMACEA RD,FORT MYERS,FL,33905
3724,2660 MCGREGOR BLVD,FORT MYERS,FL,33901
3725,2810 ESTERO BLVD 712,FORT MYERS BEACH,FL,33931
3726,3040 SW Briggs ST,Port Saint Lucie,FL,34953
3727,346 SW Lake Forest WAY,Port Saint Lucie,FL,34986
3728,3597 HERITAGE LN,FORT MYERS,FL,33908
3729,37 RED BARN DR,PALM COAST,FL,32164
3730,3984 VILLMOOR LN,FORT MYERS,FL,33919
3731,4 RENWORTH LN,PALM COAST,FL,32164
3732,412 SW Curry ST,Port Saint Lucie,FL,34953
3733,4297 ISLAND CIR 2,FORT MYERS,FL,33919
3734,4501 NW Bighorn AVE,Port Saint Lucie,FL,34953
3735,4661 LAKESIDE CLUB BLVD 6,FORT MYERS,FL,33905
3736,5 CROSSTIE CT,PALM COAST,FL,32137
3737,5641 DIVISION DR,FORT MYERS,FL,33905
3738,5846 NW Mesa CIR,Port Saint Lucie,FL,34953
3739,5894 NW JOAN CT,Port Saint Lucie,FL,34953
3740,7503 LAKE VALENCIA CT 1B,FORT MYERS BEACH,FL,33931
3741,8323 CALOOSA RD,FORT MYERS,FL,33967
3742,902 SW FIRESTONE AVE,Port Saint Lucie,FL,34953
3743,1043 SE Coral Reef ST,Port Saint Lucie,FL,34953
3744,10932 SW Dardanelle DR,Port Saint Lucie,FL,34987
3745,11640 COURT OF PALMS 404,FORT MYERS,FL,33908
3746,12 CONTEE CT,PALM COAST,FL,32137
3747,12091 LIVE OAK DR,FORT MYERS,FL,33908
3748,12109 LUCCA ST 202,FORT MYERS,FL,33966
3749,130 5TH ST,FORT MYERS,FL,33907
3750,13631 GOLDENWOOD DR,FORT MYERS,FL,33913
3751,1389 SE RIVERGREEN CIR,Port Saint Lucie,FL,34953
3752,146 PALM COAST RESORT BLVD 0605,PALM COAST,FL,32137
3753,1490 APOLLO DR,FORT MYERS,FL,33905
3754,2325 SE MANOR AVE,Port Saint Lucie,FL,34953
3755,2343 SW Alminar ST,Port Saint Lucie,FL,34953
3756,24 BIRCHVIEW PL,PALM COAST,FL,32137
3757,2578 SW Damron ST,Port Saint Lucie,FL,34953
3758,2616 SW Acacia AVE,Port Saint Lucie,FL,34953
3759,37 OAK VIEW CIR E,PALM COAST,FL,32137
3760,3939 ASHENTREE CT,FORT MYERS,FL,33916
3761,400 NW MARKET PL,Port Saint Lucie,FL,34953
3762,54 WOOD HAVEN DR,PALM COAST,FL,32164
3763,823 NW Greenwich CT,Port Saint Lucie,FL,34983
3764,10569 AVILA CIR,FORT MYERS,FL,33913
3765,11 PORTIA LN,PALM COAST,FL,32164
3766,11 BALLARD LN,PALM COAST,FL,32137
3767,11177 WINE PALM RD,FORT MYERS,FL,33966
3768,12950 SPENCER ST,FORT MYERS,FL,33908
3769,13080 WHITE MARSH LN 201,FORT MYERS,FL,33912
3770,1336 VERONICA S SHOEMAKER BLVD,FORT MYERS,FL,33916
3771,1343 FOURTH ST,FORT MYERS,FL,33905
3772,1432 SW IRVING ST,Port Saint Lucie,FL,34953
3773,15 LLANES PL,PALM COAST,FL,32164
3774,15151 SHAMROCK DR,FORT MYERS,FL,33912
3775,1655 SW Cordova ST,Port Saint Lucie,FL,34953
3776,16860 GINGER LN 3046,FORT MYERS,FL,33908
3777,17565 ORIOLE RD,FORT MYERS,FL,33967
3778,1873 SW Day ST,Port Saint Lucie,FL,34953
3779,2145 SE SHELTER DR,Port Saint Lucie,FL,34953
3780,2248 ALDRIDGE AVE,FORT MYERS,FL,33907
3781,2850 SW ROSETTA ST,Port Saint Lucie,FL,34953
3782,3232 COLONIAL BLVD,FORT MYERS,FL,33966
3783,4790 S CLEVELAND AVE 1208,FORT MYERS,FL,33907
3784,50 LEANNI WAY D-3,PALM COAST,FL,32137
3785,534 SW Colleen AVE,Port Saint Lucie,FL,34953
3786,73 LA MANCHA DR,PALM COAST,FL,32137
3787,862 SE SWEETBAY AVE,Port Saint Lucie,FL,34953
3788,8893 BRISTOL BEND,FORT MYERS,FL,33908
3789,913 DEAN WAY,FORT MYERS,FL,33919
3790,108 ELISE DR,FORT MYERS,FL,33908
3791,11930 SW Knightsbridge LN,Port Saint Lucie,FL,34987
3792,120 PAVILLION DR,FORT MYERS BEACH,FL,33931
3793,12905 NEW MARKET ST 102,FORT MYERS,FL,33913
3794,13262 HEATHER RIDGE LOOP,FORT MYERS,FL,33966
3795,13264 BROADHURST LOOP,FORT MYERS,FL,33919
3796,14 SEAMAIDEN PATH,PALM COAST,FL,32164
3797,1508 SW California BLVD,Port Saint Lucie,FL,34953
3798,16501 BAYLEAF LN 79,FORT MYERS,FL,33908
3799,17030 ALICO COMMERCE CT 3600,FORT MYERS,FL,33967
3800,1742 SW PENROSE AVE,Port Saint Lucie,FL,34953
3801,1755 SUNSET PL,FORT MYERS,FL,33901
3802,1812 SE Aires LN,Port Saint Lucie,FL,34953
3803,21 FAIRVIEW BLVD,FORT MYERS BEACH,FL,33931
3804,2434 SE Santos DR,Port Saint Lucie,FL,34952
3805,2585 SE Charleston DR,Port Saint Lucie,FL,34953
3806,28 FELWOOD LN,PALM COAST,FL,32137
3807,3 ELIZABETH DR E,PALM COAST,FL,32137
3808,3337 SW FOREMOST DR,Port Saint Lucie,FL,34953
3809,354 LORRAINE DR,FORT MYERS,FL,33905
3810,36 ATLANTIC PL,PALM COAST,FL,32137
3811,381 NW Springview Loop,Port Saint Lucie,FL,34986
3812,395 SW SAGINAW AVE,Port Saint Lucie,FL,34953
3813,4198 BAY BEACH LN 133,FORT MYERS BEACH,FL,33931
3814,46 LINDSAY DR,PALM COAST,FL,32137
3815,495 NW Casanova CIR,Port Saint Lucie,FL,34986
3816,5720 MAPLEWOOD CT,FORT MYERS,FL,33905
3817,63 LAKE SUCCESS DR,PALM COAST,FL,32137
3818,646 SW Long Key CT,Port Saint Lucie,FL,34986
3819,6768 MOSSY GLEN DR,FORT MYERS,FL,33908
3820,76 PINE GROVE DR,PALM COAST,FL,32164
3821,8917 CYPRESS PRESERVE PL,FORT MYERS,FL,33912
3822,10448 NIGHTWOOD DR,FORT MYERS,FL,33905
3823,11535 SW Halton ST,Port Saint Lucie,FL,34987
3824,11870 LIANA ST 8805,FORT MYERS,FL,33912
3825,11901 ROD & GUN CLUB RD,FORT MYERS,FL,33913
3826,14300 BRISTOL BAY PL 406,FORT MYERS,FL,33912
3827,16183 CROWN ARBOR WAY,FORT MYERS,FL,33908
3828,1742 SE DUMA TERR,Port Saint Lucie,FL,34953
3829,18 SPINAKER CIR,PALM COAST,FL,32137
3830,200 OCEANCREST DR 153,PALM COAST,FL,32137
3831,2134 SE SHIPPING RD,Port Saint Lucie,FL,34953
3832,2165 TREEHAVEN CIR S,FORT MYERS,FL,33907
3833,2273 ALDRIDGE AVE,FORT MYERS,FL,33907
3834,2381 SW NORTON ST,Port Saint Lucie,FL,34953
3835,2384 SE MANITON TERR,Port Saint Lucie,FL,34953
3836,2600-2628 2600-2628 FOWLER ST,FORT MYERS,FL,33901
3837,2650 SW RIVER SHORE DR,Port Saint Lucie,FL,34953
3838,30 N LAKEWALK DR,PALM COAST,FL,32137
3839,321 SW North Shore BLVD,Port Saint Lucie,FL,34986
3840,3892 SW RUARK ST,Port Saint Lucie,FL,34953
3841,4 LLESTONE PATH,PALM COAST,FL,32164
3842,47 POST VIEW DR,PALM COAST,FL,32164
3843,543 SW Belmont CIR,Port Saint Lucie,FL,34953
3844,5637 NW Bluff CT,Port Saint Lucie,FL,34953
3845,6940 NW Denargo ST,Port Saint Lucie,FL,34953
3846,8300 VILLAGE EDGE CIR 5,FORT MYERS,FL,33919
3847,9230 CRYSTAL VIEW CT,FORT MYERS,FL,33967
3848,9320 GLADIOLUS PRESERVE CIR,FORT MYERS,FL,33908
3849,9745 DEERFOOT DR,FORT MYERS,FL,33919
3850,10157 MIMOSA SILK DR,FORT MYERS,FL,33913
3851,1055 SE HOLBROOK CT 7,Port Saint Lucie,FL,34952
3852,1129 SW BECKER RD,Port Saint Lucie,FL,34953
3853,14 WATSON PL,PALM COAST,FL,32164
3854,14541 FARRINGTON WAY 204,FORT MYERS,FL,33912
3855,160 SW OAKLAND DR,Port Saint Lucie,FL,34953
3856,1629 SUNKIST WAY,FORT MYERS,FL,33905
3857,18570 CYPRESS HAVEN DR,FORT MYERS,FL,33908
3858,200 OCEAN CREST DR 325S,PALM COAST,FL,32137
3859,226 KINGSTON DR,FORT MYERS,FL,33905
3860,2316 SW SANTANA AVE,Port Saint Lucie,FL,34953
3861,240 SE EYERLY AVE,Port Saint Lucie,FL,34953
3862,262 SW THORNHILL DR,Port Saint Lucie,FL,34953
3863,3174 SW LANDALE BLVD,Port Saint Lucie,FL,34953
3864,3821 CLEARBROOK LN,FORT MYERS,FL,33966
3865,39 EDGE LN,PALM COAST,FL,32164
3866,408 SW RIDGECREST DR,Port Saint Lucie,FL,34953
3867,43 BURNING EMBER LN,PALM COAST,FL,32137
3868,457 SW LACROIX AVE,Port Saint Lucie,FL,34953
3869,562 SE WHITMORE DR,Port Saint Lucie,FL,34953
3870,5905 TRAILWINDS DR 816,FORT MYERS,FL,33907
3871,6777 WINKLER RD 206,FORT MYERS,FL,33919
3872,7146 ESTERO BLVD 715,FORT MYERS BEACH,FL,33931
3873,7400 COLLEGE PKWY 64B,FORT MYERS,FL,33907
3874,76 ARENA LAKE DR,PALM COAST,FL,32137
3875,8 FIRCREST LN,PALM COAST,FL,32137
3876,819 SE POLYNESIAN AVE,Port Saint Lucie,FL,34953
3877,874 SW Rocky Bayou TER,Port Saint Lucie,FL,34986
3878,9107 LINKS DR,FORT MYERS,FL,33913
3879,13 FLAGLER DR,PALM COAST,FL,32137
3880,13320 SHETLAND LN,FORT MYERS,FL,33912
3881,13650 CATBIRD DR,FORT MYERS,FL,33908
3882,14140 A & W BULB RD,FORT MYERS,FL,33908
3883,144 BIRCHWOOD DR,PALM COAST,FL,32137
3884,1450 MYERLEE COUNTRY CLUB BLVD,FORT MYERS,FL,33919
3885,1622 SE PORTILLO RD,Port Saint Lucie,FL,34953
3886,16369 STATE RD E 78, OKEECHOBEE,FL,34974
3887,164 PALMWOOD DR,PALM COAST,FL,32164
3888,1732 SE Burgundy LN,Port Saint Lucie,FL,34953
3889,1932 SW Jamesport DR,Port Saint Lucie,FL,34953
3890,1952 SE Fallon DR,Port Saint Lucie,FL,34953
3891,2033 SE Crowberry DR,Port Saint Lucie,FL,34953
3892,3 W CLERMONT CT,FORT MYERS,FL,33916
3893,3 FLAGSHIP CT,PALM COAST,FL,32137
3894,302 SE Bayview TER,Port Saint Lucie,FL,34953
3895,3255 SE MONTE VISTA ST,Port Saint Lucie,FL,34953
3896,3565 SW VINCENNES ST,Port Saint Lucie,FL,34953
3897,3851 SW Chaffin ST,Port Saint Lucie,FL,34953
3898,420 SE Bancroft CT,Port Saint Lucie,FL,34984
3899,528 SW RYAN AVE,Port Saint Lucie,FL,34953
3900,561 SE WALTERS TERR,Port Saint Lucie,FL,34953
3901,5976 NW FAVIAN AVE,Port Saint Lucie,FL,34953
3902,61 PALMWOOD DR,PALM COAST,FL,32164
3903,6142 WHISKEY CREEK DR 614,FORT MYERS,FL,33919
3904,7 COTTONWOOD CT,PALM COAST,FL,32137
3905,711 SW DOLORES AVE,Port Saint Lucie,FL,34953
3906,7330 ESTERO BLVD 504,FORT MYERS BEACH,FL,33931
3907,7686 WINGED FOOT DR,FORT MYERS,FL,33967
3908,840 SW DURHAM TERR,Port Saint Lucie,FL,34953
3909,9150 SOUTHMONT CV 208,FORT MYERS,FL,33908
3910,9900 SUNSET COVE LN 135,FORT MYERS,FL,33919
3911,10111 SPYGLASS HILL LN,FORT MYERS,FL,33966
3912,10176 SW Ambrose WAY,Port Saint Lucie,FL,34950
3913,11681 SPINNAKER WAY,FORT MYERS,FL,33908
3914,12345 WOODROSE CT 3,FORT MYERS,FL,33907
3915,13052 MILFORD PL,FORT MYERS,FL,33913
3916,136 ISLAND ESTATES PKWY,PALM COAST,FL,32137
3917,14301 HICKORY LINKS CT 1617,FORT MYERS,FL,33912
3918,14961 HOLE IN ONE CIR 209,FORT MYERS,FL,33919
3919,15630 OCEAN WALK CIR 314,FORT MYERS,FL,33908
3920,17531 BOAT CLUB DR,FORT MYERS,FL,33908
3921,18 FERNHAM LN,PALM COAST,FL,32137
3922,19205 MURCOTT DR W,FORT MYERS,FL,33967
3923,19724 TESORO WAY,FORT MYERS,FL,33967
3924,2201 SW WAYNE ST,Port Saint Lucie,FL,34953
3925,405 SW JEFFERSON CIR,Port Saint Lucie,FL,34986
3926,441 SW LUCERO DR,Port Saint Lucie,FL,34953
3927,512 PECK AVE,FORT MYERS,FL,33919
3928,557 SW RAY AVE,Port Saint Lucie,FL,34953
3929,6300 SOUTH POINTE BLVD 129,FORT MYERS,FL,33919
3930,6520 DUQUESNE DR,FORT MYERS,FL,33919
3931,6662 ESTERO BLVD 707,FORT MYERS BEACH,FL,33931
3932,720 ARUNDEL CIR,FORT MYERS,FL,33913
3933,850 SW College Park RD,Port Saint Lucie,FL,34953
3934,900 CINNAMON BEACH WAY 834,PALM COAST,FL,32137
3935,95 FLAMINGO DR,PALM COAST,FL,32137
3936,10035 VIA COLOMBA CIR 205,FORT MYERS,FL,33966
3937,10136 BELCREST BLVD,FORT MYERS,FL,33913
3938,10530 AMIATA WAY 403,FORT MYERS,FL,33913
3939,11016 MILL CREEK WAY 2401,FORT MYERS,FL,33913
3940,1150 SW SWAN LAKE CIR,Port Saint Lucie,FL,34953
3941,11502 LAKE CYPRESS LOOP,FORT MYERS,FL,33913
3942,12091 CACTUS DR,FORT MYERS,FL,33908
3943,12121 LIVE OAK DR,FORT MYERS,FL,33908
3944,12415 MCGREGOR WOODS CIR,FORT MYERS,FL,33908
3945,14060 BENEDICT ST,FORT MYERS,FL,33905
3946,1580 PINE VALLEY DR 112,FORT MYERS,FL,33907
3947,1634 SE GREEN ACRES CIR G103,Port Saint Lucie,FL,34953
3948,1638 SW SYLVESTER LN,Port Saint Lucie,FL,34953
3949,16430 MILLSTONE CIR 202,FORT MYERS,FL,33908
3950,1697 SW NERVIA AVE,Port Saint Lucie,FL,34953
3951,20011 SANIBEL VIEW CIR 301,FORT MYERS,FL,33908
3952,2241 SE LENNARD RD,Port Saint Lucie,FL,34953
3953,2513 SW Dania ST,Port Saint Lucie,FL,34953
3954,317 NW Biltmore ST,Port Saint Lucie,FL,34953
3955,3282 SE RIVER VISTA DR,Port Saint Lucie,FL,34953
3956,37 WHITE HALL DR,PALM COAST,FL,32164
3957,37 WOODHOLLOW LN,PALM COAST,FL,32164
3958,3749 SW KISTLER ST,Port Saint Lucie,FL,34953
3959,39 PIN OAK DR,PALM COAST,FL,32164
3960,3931 SW Cheribon ST,Port Saint Lucie,FL,34953
3961,4109 WILMONT PL,FORT MYERS,FL,33916
3962,438 SE TRAY TERR,Port Saint Lucie,FL,34953
3963,4826 CONOVER CT,FORT MYERS,FL,33908
3964,49 LEAVER DR,PALM COAST,FL,32137
3965,5 BIRD HAVEN PL,PALM COAST,FL,32137
3966,10270 WASHINGTONIA PALM WAY 2214,FORT MYERS,FL,33966
3967,12501 COLD STREAM DR 405,FORT MYERS,FL,33912
3968,1338 TANGLEWOOD PKWY,FORT MYERS,FL,33919
3969,1349 SW PAAR DR,Port Saint Lucie,FL,34953
3970,13752 PINE VILLA LN,FORT MYERS,FL,33912
3971,1439 HEIMAN AVE,FORT MYERS,FL,33905
3972,14651 FAIR HAVENS RD,FORT MYERS,FL,33908
3973,15130 ROYAL WINDSOR LN 1604,FORT MYERS,FL,33919
3974,18659 SARASOTA RD,FORT MYERS,FL,33967
3975,200 OCEAN CREST DR 1007,PALM COAST,FL,32137
3976,2137 BARBADOS AVE,FORT MYERS,FL,33905
3977,22 FORGE LN,PALM COAST,FL,32137
3978,244 SW RIDGECREST DR,Port Saint Lucie,FL,34953
3979,2531 SE MORNINGSIDE BLVD,Port Saint Lucie,FL,34953
3980,2755 SW DISTRICT AVE,Port Saint Lucie,FL,34953
3981,3060 MEANDERING WAY 202,FORT MYERS,FL,33905
3982,40 N LAKEWALK DR,PALM COAST,FL,32137
3983,4953 N GALAXY DR,FORT MYERS,FL,33905
3984,514 SW PRADO AVE,Port Saint Lucie,FL,34953
3985,6851 PENTLAND WAY 14,FORT MYERS,FL,33966
3986,692 SW SARAGOSSA AVE,Port Saint Lucie,FL,34953
3987,78 POINT PLEASANT DR,PALM COAST,FL,32164
3988,8 W CLERMONT CT,FORT MYERS,FL,33916
3989,9029 PROSPERITY WAY,FORT MYERS,FL,33913
3990,9517 SW Flowermound CIR,Port Saint Lucie,FL,34987
3991,1026 SW Calmar AVE,Port Saint Lucie,FL,34953
3992,12051 CHAMPIONS GREEN WAY 313,FORT MYERS,FL,33913
3993,12815 ASTON OAKS DR,FORT MYERS,FL,33912
3994,13013 TENTH ST,FORT MYERS,FL,33905
3995,142 LINDSAY DR,PALM COAST,FL,32137
3996,15081 TAMARIND CAY CT 1004,FORT MYERS,FL,33908
3997,15110 ANCHORAGE WAY,FORT MYERS,FL,33908
3998,1514 MYERLEE COUNTRY CLUB BLVD,FORT MYERS,FL,33919
3999,154 SW South Wakefield CIR,Port Saint Lucie,FL,34953
4000,161 WESTHAMPTON DR,PALM COAST,FL,32164
4001,16682 BOBCAT DR,FORT MYERS,FL,33908
4002,1785 SW Comfort ST,Port Saint Lucie,FL,34953
4003,18552 MARCO BLVD,FORT MYERS,FL,33967
4004,1902 SW NOTRE DAME AVE,Port Saint Lucie,FL,34953
4005,1965 SW HILLMAN ST,Port Saint Lucie,FL,34953
4006,201 S RIVERWALK DR,PALM COAST,FL,32137
4007,20291-351 20291-351 SUMMERLIN RD,FORT MYERS,FL,33908
4008,2641 NW Treviso CIR,Port Saint Lucie,FL,34986
4009,2965 MONTCLAIRE AVE,FORT MYERS,FL,33901
4010,3281 SW PORT ST LUCIE BLVD,Port Saint Lucie,FL,34953
4011,3435 SE Bevil AVE,Port Saint Lucie,FL,34953
4012,442 SE WALTERS TERR,Port Saint Lucie,FL,34953
4013,4790 S CLEVELAND AVE 1508,FORT MYERS,FL,33907
4014,4869 PALM COAST PKWY NW 801,PALM COAST,FL,32137
4015,492 SWEETGUM LN,PALM COAST,FL,32137
4016,5054 BILLYS CREEK DR,FORT MYERS,FL,33905
4017,532 NE Canoe Park CIR,Port Saint Lucie,FL,34983
4018,5896 ENTERPRISE PKWY,FORT MYERS,FL,33905
4019,6030 COCOS DR,FORT MYERS,FL,33908
4020,67 PINE CIRCLE DR,PALM COAST,FL,32164
4021,68 EMERSON DR,PALM COAST,FL,32164
4022,7121 PENNER LN 9,FORT MYERS,FL,33907
4023,8752 JAVIERA WAY 8510,FORT MYERS,FL,33912
4024,9523 MARINERS COVE LN,FORT MYERS,FL,33919
4025,9884 SW Torriente LN,Port Saint Lucie,FL,34950
4026,1 GALLEON WAY,FORT MYERS BEACH,FL,33931
4027,111 SE Via San Marino,Port Saint Lucie,FL,34984
4028,1114 SW HOGAN ST,Port Saint Lucie,FL,34953
4029,16424 TIMBERLAKES DR 103,FORT MYERS,FL,33908
4030,2034 SE STONECROP ST,Port Saint Lucie,FL,34953
4031,210 BEACHWAY DR,PALM COAST,FL,32137
4032,2219 SE MARIPOSA AVE,Port Saint Lucie,FL,34953
4033,230 NE MIDFIELD LN,Port Saint Lucie,FL,34953
4034,2931 SW ROSSER BLVD,Port Saint Lucie,FL,34953
4035,32 BLAKESHIRE PL,PALM COAST,FL,32137
4036,349 E BUELL DR,FORT MYERS,FL,33905
4037,6083 TIMBERWOOD CIR 313,FORT MYERS,FL,33908
4038,631 SE PRESTON LN,Port Saint Lucie,FL,34953
4039,6311 ASTORIA AVE,FORT MYERS,FL,33905
4040,6910 DEEP LAGOON LN,FORT MYERS,FL,33919
4041,73 POINT OF WOODS DR,PALM COAST,FL,32164
4042,782 BELLE TERRE PKWY,PALM COAST,FL,32164
4043,8900 FAWN RIDGE DR,FORT MYERS,FL,33912
4044,9 RAEMOND LN,PALM COAST,FL,32164
4045,9502 GREEN CYPRESS LN,FORT MYERS,FL,33905
4046,9705 BLUE STONE CIR,FORT MYERS,FL,33913
4047,978 SOUTH TOWN & RIVER DR,FORT MYERS,FL,33919
4048,10033 SW Glenbrook DR,Port Saint Lucie,FL,34987
4049,10291 GLASTONBURY CIR 101,FORT MYERS,FL,33913
4050,11108 ESTEBAN DR,FORT MYERS,FL,33912
4051,12739 FAIRWAY COVE CT,FORT MYERS,FL,33905
4052,12873 KINGSMILL WAY,FORT MYERS,FL,33913
4053,13061 PEBBLEBROOK POINT CIR 202,FORT MYERS,FL,33905
4054,15219 BRIARCREST CIR,FORT MYERS,FL,33912
4055,16351 KELLY WOODS DR 168,FORT MYERS,FL,33908
4056,1705 COLONIAL BLVD B4,FORT MYERS,FL,33907
4057,17190 ATWATER WAY,FORT MYERS,FL,33967
4058,18 BLARE CASTLE DR,PALM COAST,FL,32137
4059,1849 BENCHMARK AVE,FORT MYERS,FL,33905
4060,19486 LOST CREEK DR,FORT MYERS,FL,33967
4061,1957 SE REDWING CIR,Port Saint Lucie,FL,34953
4062,2 SMOKEHOUSE PL,PALM COAST,FL,32164
4063,2189 SW Rockport RD,Port Saint Lucie,FL,34953
4064,270 SW PORT ST LUCIE BLVD,Port Saint Lucie,FL,34953
4065,29 FAIRBANK LN,PALM COAST,FL,32137
4066,3723 TARECO ST,FORT MYERS,FL,33905
4067,45 DOGWOOD WAY,FORT MYERS,FL,33908
4068,4881 PALM COAST PKWY NW 2102,PALM COAST,FL,32137
4069,56 PINE HAVEN DR,PALM COAST,FL,32164
4070,57 UNDERWICK PATH,PALM COAST,FL,32164
4071,5893 ELIZABETH ANN WAY,FORT MYERS,FL,33912
4072,7 SURREY CT,PALM COAST,FL,32137
4073,7575 GARRY RD,FORT MYERS,FL,33967
4074,8162 COUNTRY RD 104,FORT MYERS,FL,33919
4075,922 SE Candle AVE,Port Saint Lucie,FL,34953
4076,9350 INDEPENDENCE WAY,FORT MYERS,FL,33913
4077,949 SE Bayfront AVE,Port Saint Lucie,FL,34953
4078,9720 CYPRESS LAKE DR,FORT MYERS,FL,33919
4079,100 PAVILLION DR,FORT MYERS BEACH,FL,33931
4080,101 WOODSIDE DR,PALM COAST,FL,32164
4081,10143 SPYGLASS HILL LN,FORT MYERS,FL,33966
4082,10281 GLASTONBURY CIR 101,FORT MYERS,FL,33913
4083,1045 SW Canary Terr,Port Saint Lucie,FL,34953
4084,10520 AZZURRA DR,FORT MYERS,FL,33913
4085,12509 STONE VALLEY LOOP,FORT MYERS,FL,33913
4086,14052 BENTLY CIR,FORT MYERS,FL,33912
4087,14301 HICKORY LINKS CT 1624,FORT MYERS,FL,33912
4088,15145 PORTSIDE DR,FORT MYERS,FL,33908
4089,15196 PARKSIDE DR 203,FORT MYERS,FL,33908
4090,15208 PORTSIDE DR,FORT MYERS,FL,33908
4091,1557 SE Prestwick Lane 4-D,Port Saint Lucie,FL,34953
4092,15931 PRENTISS POINTE CIR 201,FORT MYERS,FL,33908
4093,17 SAILFISH DR,PALM COAST,FL,32137
4094,1747 PEBBLE BEACH DR 312,FORT MYERS,FL,33907
4095,18002 SW Cozenza WAY,Port Saint Lucie,FL,34986
4096,20 FAIRMONT LN,PALM COAST,FL,32137
4097,2734 OAK RIDGE CT 402,FORT MYERS,FL,33901
4098,2756 LARMIE ST,FORT MYERS,FL,33916
4099,3 ROUND TREE DR,PALM COAST,FL,32164
4100,33 PACKARD LN,PALM COAST,FL,32164
4101,3316 E RIVERSIDE DR,FORT MYERS,FL,33916
4102,3920 SW LEESBURG ST,Port Saint Lucie,FL,34953
4103,4331 BAY BEACH LN 552,FORT MYERS BEACH,FL,33931
4104,4411 BAY BEACH LN 724,FORT MYERS BEACH,FL,33931
4105,4761 LAKESIDE CLUB BLVD 15,FORT MYERS,FL,33905
4106,6928 ESSEX DR,FORT MYERS,FL,33919
4107,857 SW JANETTE AVE,Port Saint Lucie,FL,34953
4108,104 SE Santa Gardenia,Port Saint Lucie,FL,34984
4109,106 NW DORCHESTER ST,Port Saint Lucie,FL,34953
4110,11 ELDER DR,PALM COAST,FL,32164
4111,11252 CALLAWAY GREENS DR,FORT MYERS,FL,33913
4112,11531 VALLEYVIEW DR,FORT MYERS,FL,33908
4113,12211 EAGLE POINTE CIR,FORT MYERS,FL,33913
4114,149 SE Strada Cervaro,Port Saint Lucie,FL,34952
4115,14940 VISTA VIEW WAY 601,FORT MYERS,FL,33919
4116,160 CYPRESS POINT PKWY A210,PALM COAST,FL,32164
4117,1613 SE NANCY LN,Port Saint Lucie,FL,34953
4118,18 FLAXTON LN,PALM COAST,FL,32137
4119,18 KARAT PATH,PALM COAST,FL,32164
4120,1817 SW MORELIA LN,Port Saint Lucie,FL,34953
4121,19 CLARENDON CT N,PALM COAST,FL,32137
4122,194 NW HEATHER ST,Port Saint Lucie,FL,34953
4123,2923/2925 2923/2925 COCOS AVE,FORT MYERS,FL,33901
4124,4009 SW MACKEMER RD,Port Saint Lucie,FL,34953
4125,405 SW THISTLE TRL,Port Saint Lucie,FL,34953
4126,4360 HILL DR,FORT MYERS,FL,33901
4127,54 ROYAL OAK DR,PALM COAST,FL,32164
4128,5806 NW Burney ST,Port Saint Lucie,FL,34953
4129,5862 NW LEGHORN AVE,Port Saint Lucie,FL,34953
4130,5882 NW Carovel AVE,Port Saint Lucie,FL,34953
4131,651 SE VOLTAIR TERR,Port Saint Lucie,FL,34953
4132,8221 ARBORFIELD CT,FORT MYERS,FL,33912
4133,914 HIGH TIDE LN,FORT MYERS BEACH,FL,33931
4134,11753 SW Bennington CIR,Port Saint Lucie,FL,34987
4135,11863 PALBA WAY 7104,FORT MYERS,FL,33912
4136,12831 KEDLESTON CIR,FORT MYERS,FL,33912
4137,1301 SW HEBNER AVE,Port Saint Lucie,FL,34953
4138,15629 FIDDLESTICKS BLVD,FORT MYERS,FL,33912
4139,1601 SE MANSFIELD ST,Port Saint Lucie,FL,34953
4140,16750 WILDCAT DR,FORT MYERS,FL,33913
4141,1698 SW Avila ST,Port Saint Lucie,FL,34953
4142,1711 SW Cochran ST,Port Saint Lucie,FL,34953
4143,1757 SW HAMPSHIRE LN,Port Saint Lucie,FL,34953
4144,2020 SW MORELIA LN,Port Saint Lucie,FL,34953
4145,22 RUSSKIN LN,PALM COAST,FL,32164
4146,2304 SW Abalon CIR,Port Saint Lucie,FL,34953
4147,2362 SW HALISSEE ST,Port Saint Lucie,FL,34953
4148,3 SEVILLE PL,PALM COAST,FL,32164
4149,30 BEAUFORD LN,PALM COAST,FL,32137
4150,34 RYAPPLE LN,PALM COAST,FL,32164
4151,3424 LANA CT,FORT MYERS,FL,33905
4152,3951 SW KABANE ST,Port Saint Lucie,FL,34953
4153,42 PONY EXPRESS DR,PALM COAST,FL,32164
4154,4401 CORTINA CIR 326,FORT MYERS,FL,33916
4155,442 MUSKEGON AVE,FORT MYERS,FL,33905
4156,513 SE MAPLE TERR,Port Saint Lucie,FL,34953
4157,54 PONCE DELEON DR,PALM COAST,FL,32164
4158,6 RIVERBEND DR,PALM COAST,FL,32137
4159,6023 LINDBROOK AVE,FORT MYERS,FL,33905
4160,6432 NW TAPER CT,Port Saint Lucie,FL,34953
4161,9603 HALYARDS CT 15,FORT MYERS,FL,33919
4162,10 MARBELLA CT,PALM COAST,FL,32137
4163,1012 21ST ST, OKEECHOBEE,FL,34974
4164,12 RYECROFT LN,PALM COAST,FL,32164
4165,12511 WORLD PLAZA LN,FORT MYERS,FL,33907
4166,12561 IVORY STONE LOOP,FORT MYERS,FL,33913
4167,12740 GLADSTONE WAY,FORT MYERS,FL,33913
4168,13 PIERCE LN,PALM COAST,FL,32164
4169,150 ESTRELLITA DR,FORT MYERS BEACH,FL,33931
4170,1741 BRAMAN AVE,FORT MYERS,FL,33901
4171,1848 S PALMDALE CT,FORT MYERS,FL,33916
4172,26 SOUTHLAKE DR,PALM COAST,FL,32137
4173,2880 SE PACE DR,Port Saint Lucie,FL,34953
4174,3 WESTGLEN PL,PALM COAST,FL,32164
4175,3000 OASIS GRAND BLVD 2004,FORT MYERS,FL,33916
4176,3521 CANAL ST,FORT MYERS,FL,33916
4177,3900 SW Darmouth ST,Port Saint Lucie,FL,34953
4178,429 NW READING LN,Port Saint Lucie,FL,34953
4179,44 PINELYNN DR,PALM COAST,FL,32164
4180,5346 NW RUGBY DR,Port Saint Lucie,FL,34953
4181,6150 NW GINGER LN,Port Saint Lucie,FL,34953
4182,6920 DEEP LAGOON LN,FORT MYERS,FL,33919
4183,7 POST LN,PALM COAST,FL,32164
4184,7 SEA FRONT TRL,PALM COAST,FL,32164
4185,7161 GOLDEN EAGLE CT 1013,FORT MYERS,FL,33912
4186,951 DEAN WAY,FORT MYERS,FL,33919
4187,1 SELENE PL,PALM COAST,FL,32164
4188,10690 MARTHA ST,FORT MYERS,FL,33905
4189,1109 SW HUNNICUT AVE,Port Saint Lucie,FL,34953
4190,11251 BIENVENIDA CT 13B,FORT MYERS,FL,33908
4191,12 BRELYN PL,PALM COAST,FL,32137
4192,1202 SW Dalton AVE,Port Saint Lucie,FL,34953
4193,14871 HOLE IN ONE CIR 310,FORT MYERS,FL,33919
4194,15 LEMAY PL,PALM COAST,FL,32137
4195,1517 SW Bayshore BLVD,Port Saint Lucie,FL,34953
4196,1626 LONG MEADOW RD,FORT MYERS,FL,33919
4197,17171 ATWATER WAY,FORT MYERS,FL,33967
4198,17560 SAN CARLOS BLVD,FORT MYERS BEACH,FL,33931
4199,18070 S TAMIAMI TRL 115,FORT MYERS,FL,33908
4200,1881 SE Aneci ST,Port Saint Lucie,FL,34953
4201,2 SOUTHBURY CT,PALM COAST,FL,32137
4202,22 ROLLINS LN,PALM COAST,FL,32164
4203,23 KINGSMAN CIR,FORT MYERS,FL,33905
4204,273 SW Airview AVE,Port Saint Lucie,FL,34953
4205,30 LEWIS DR,PALM COAST,FL,32137
4206,383 ROSEMONT DR,FORT MYERS,FL,33916
4207,4129 BALLARD RD,FORT MYERS,FL,33916
4208,4243 SW JARED ST,Port Saint Lucie,FL,34953
4209,4568 OAK TREE CT,FORT MYERS,FL,33905
4210,4671 SW HALLMARK ST,Port Saint Lucie,FL,34953
4211,4732 NOTTINGHAM DR,FORT MYERS,FL,33905
4212,6117 NW Wild Cotton WAY,Port Saint Lucie,FL,34986
4213,7201 BERGAMO WAY 202,FORT MYERS,FL,33966
4214,961 SE WALTERS TERR,Port Saint Lucie,FL,34953
4215,98 PALM COAST RESORT BLVD,PALM COAST,FL,32137
4216,10470 WASHINGTONIA PALM WAY 1211,FORT MYERS,FL,33966
4217,12326 WOODROSE CT 2,FORT MYERS,FL,33907
4218,12519 RIVER RD,FORT MYERS,FL,33905
4219,12910 KEDLESTON CIR,FORT MYERS,FL,33912
4220,1362 S BRANDYWINE CIR 4,FORT MYERS,FL,33919
4221,141 SCHNEIDER DR,FORT MYERS,FL,33905
4222,15519 SPRING LINE LN,FORT MYERS,FL,33905
4223,16401 KELLY WOODS DR 143,FORT MYERS,FL,33908
4224,17261 WILLOW BROOK LN,FORT MYERS,FL,33913
4225,17373 LEBANON RD,FORT MYERS,FL,33967
4226,18 ROXANNE LN,PALM COAST,FL,32164
4227,1817 SE RAINIER RD,Port Saint Lucie,FL,34953
4228,2130 CRYSTAL DR,FORT MYERS,FL,33907
4229,2218 CHANDLER AVE,FORT MYERS,FL,33907
4230,22676 ISLAND PINES WAY 248,FORT MYERS BEACH,FL,33931
4231,2301 SW SALMON RD,Port Saint Lucie,FL,34953
4232,249 SW MOSELLE AVE,Port Saint Lucie,FL,34953
4233,2634 SE TROPICAL EAST CIR,Port Saint Lucie,FL,34952
4234,29 WOODHOLME LN,PALM COAST,FL,32164
4235,3 WESTMAR PL,PALM COAST,FL,32164
4236,3706 BROADWAY 16,FORT MYERS,FL,33901
4237,46 POINSETTIA LN,PALM COAST,FL,32164
4238,5122 NW Wisk Fern CIR,Port Saint Lucie,FL,34986
4239,59 SEA FRONT TRL,PALM COAST,FL,32164
4240,5983 NW Baynard DR,Port Saint Lucie,FL,34953
4241,5985 TRAILWINDS DR 1215,FORT MYERS,FL,33907
4242,6485 MORGAN LA FEE LN,FORT MYERS,FL,33912
4243,6496 ROYAL WOODS DR 5,FORT MYERS,FL,33908
4244,694 SW JAFFE AVE,Port Saint Lucie,FL,34953
4245,8 CASTLE CT,PALM COAST,FL,32137
4246,8 BRESSLER LN,PALM COAST,FL,32137
4247,8112 ANHINGA RD,FORT MYERS,FL,33967
4248,8389 CORAL DR,FORT MYERS,FL,33967
4249,9440 SARDINIA WAY 105,FORT MYERS,FL,33908
4250,9560 MARINERS COVE LN,FORT MYERS,FL,33919
4251,1000 CINNAMON BEACH WAY 961,PALM COAST,FL,32137
4252,10390 GLASTONBURY CIR 201,FORT MYERS,FL,33913
4253,12540 EQUESTRIAN CIR 504,FORT MYERS,FL,33907
4254,13 RAMBLEWOOD DR,PALM COAST,FL,32164
4255,13460 MARQUETTE BLVD,FORT MYERS,FL,33905
4256,1372 SW HALFORD AVE,Port Saint Lucie,FL,34953
4257,145 NEW LEATHERWOOD DR,PALM COAST,FL,32137
4258,15 BLARE CASTLE DR,PALM COAST,FL,32137
4259,15791 COUNTRY CT,FORT MYERS,FL,33912
4260,182 SW LANGFIELD AVE,Port Saint Lucie,FL,34953
4261,290 SW Bridgeport DR,Port Saint Lucie,FL,34953
4262,3428 EDISON AVE,FORT MYERS,FL,33916
4263,366 NW Biltmore ST,Port Saint Lucie,FL,34953
4264,5470 PEPPERTREE DR,FORT MYERS,FL,33908
4265,558 SW ST GEORGES BAY,Port Saint Lucie,FL,34953
4266,58 NORTHSHORE DR,PALM COAST,FL,32137
4267,6 WILKSBORO PL,PALM COAST,FL,32164
4268,6023 THRUSH AVE,FORT MYERS,FL,33905
4269,8461 ARBORFIELD CT,FORT MYERS,FL,33912
4270,914 SE STREAMLET AVE,Port Saint Lucie,FL,34953
4271,93 FRONT ST,PALM COAST,FL,32137
4272,10913 SW Dardanelle DR,Port Saint Lucie,FL,34987
4273,11 RANBAY PL,PALM COAST,FL,32164
4274,11000 METRO PKWY 14,FORT MYERS,FL,33966
4275,11140 CARAVEL CIR 107,FORT MYERS,FL,33908
4276,11316 LAKELAND CIR,FORT MYERS,FL,33913
4277,12751 SHAWNEE RD,FORT MYERS,FL,33913
4278,14940 HICKORY GREENS CT,FORT MYERS,FL,33912
4279,1499 COLONIAL BLVD,FORT MYERS,FL,33907
4280,15051 PUNTA RASSA RD 216,FORT MYERS,FL,33908
4281,15550 BEACH PEBBLE WAY,FORT MYERS,FL,33908
4282,1712 SE Burgundy LN,Port Saint Lucie,FL,34953
4283,18493/495 18493/495 ORIOLE RD,FORT MYERS,FL,33967
4284,1866 SW LEAFY RD,Port Saint Lucie,FL,34953
4285,1965 SE FAIRFIELD ST,Port Saint Lucie,FL,34953
4286,22712 ISLAND PINES WAY 102,FORT MYERS BEACH,FL,33931
4287,3098 SW Denton ST,Port Saint Lucie,FL,34953
4288,3186 SW SAVONA BLVD,Port Saint Lucie,FL,34953
4289,32 LEAVER DR,PALM COAST,FL,32137
4290,33 SLIPPER TRL,PALM COAST,FL,32164
4291,3855 BROADWAY,FORT MYERS,FL,33901
4292,3873 SW JABLO ST,Port Saint Lucie,FL,34953
4293,44 PENNSYLVANIA LN,PALM COAST,FL,32164
4294,4966 MARS ST,FORT MYERS,FL,33905
4295,5 RENSHAW PL,PALM COAST,FL,32164
4296,5539 NATOMA DR,FORT MYERS,FL,33919
4297,6130 BRIARCLIFF RD,FORT MYERS,FL,33912
4298,6261 PLUMOSA AVE,FORT MYERS,FL,33908
4299,662 SW KENYOUN ST,Port Saint Lucie,FL,34953
4300,6862 GRIFFIN BLVD,FORT MYERS,FL,33908
4301,7119 LAKERIDGE VIEW CT 104,FORT MYERS,FL,33907
4302,773 SW Arkansas TER,Port Saint Lucie,FL,34953
4303,8000 NEW JERSEY BLVD,FORT MYERS,FL,33967
4304,8771 ESTERO BLVD PH8,FORT MYERS BEACH,FL,33931
4305,11 POINTER PL,PALM COAST,FL,32164
4306,11523 MEADOWRUN CIR,FORT MYERS,FL,33913
4307,1250 SW GATLIN BLVD,Port Saint Lucie,FL,34953
4308,12644 ASTOR PL,FORT MYERS,FL,33913
4309,12721 ALLENDALE CIR,FORT MYERS,FL,33912
4310,12764 DEVONSHIRE LAKES CIR,FORT MYERS,FL,33913
4311,1300 PALM COAST PKWY SW,PALM COAST,FL,32137
4312,14018 VINDEL CIR,FORT MYERS,FL,33905
4313,14101 DANPARK LOOP,FORT MYERS,FL,33912
4314,1412 SW Falmouth AVE,Port Saint Lucie,FL,34953
4315,14551 GLEN COVE DR 803,FORT MYERS,FL,33919
4316,14819 LAGUNA DR 401,FORT MYERS,FL,33908
4317,149 NW Bentley CIR,Port Saint Lucie,FL,34986
4318,154 NE TWYLITE TERR,Port Saint Lucie,FL,34953
4319,163 NW FRIAR ST,Port Saint Lucie,FL,34953
4320,17711 CANAL COVE CT,FORT MYERS BEACH,FL,33931
4321,18520 SEBRING RD,FORT MYERS,FL,33967
4322,2255 SE GASLIGHT ST,Port Saint Lucie,FL,34953
4323,29 RYARBOR DR,PALM COAST,FL,32164
4324,30 LAGO VISTA PL,PALM COAST,FL,32164
4325,30 RYLAND DR,PALM COAST,FL,32164
4326,339 SW KESTOR DR,Port Saint Lucie,FL,34953
4327,35 S RIVERWALK DR,PALM COAST,FL,32137
4328,3521 SE SANDPIPER CIR,Port Saint Lucie,FL,34952
4329,37 PALM LEAF LN,PALM COAST,FL,32164
4330,400 CANOPY WALK LN 425,PALM COAST,FL,32137
4331,51 FREDERICK LN,PALM COAST,FL,32137
4332,54 WHITE HALL DR,PALM COAST,FL,32164
4333,549 SW Dahled AVE,Port Saint Lucie,FL,34953
4334,5537 BLACK PUG DR,FORT MYERS,FL,33908
4335,717 ZENDOR AVE,FORT MYERS,FL,33913
4336,77 RAINTREE PL,PALM COAST,FL,32164
4337,7791 NW Greenbank CIR,Port Saint Lucie,FL,34987
4338,7930 ESTERO BLVD 806,FORT MYERS BEACH,FL,33931
4339,8 COLLINGVILLE CT,PALM COAST,FL,32137
4340,815 BUTTONWOOD DR,FORT MYERS BEACH,FL,33931
4341,9 UHLERWOOD CT,PALM COAST,FL,32164
4342,9121 SOUTHMONT CV 304,FORT MYERS,FL,33908
4343,9123 BRYANT RD,FORT MYERS,FL,33967
4344,917 SW FISHERMAN AVE,Port Saint Lucie,FL,34953
4345,9990 DOLPHIN BAY CT,FORT MYERS,FL,33905
4346,15140 HARBOUR ISLE DR 301,FORT MYERS,FL,33908
4347,1608 SW TAURUS LN,Port Saint Lucie,FL,34953
4348,18509 BRADENTON RD,FORT MYERS,FL,33967
4349,2301 SE MELALEUCA BLVD,Port Saint Lucie,FL,34953
4350,27 ROYAL TERN LN,PALM COAST,FL,32164
4351,339 NW Bentley CIR,Port Saint Lucie,FL,34986
4352,4154 CASTILLA CIR 204,FORT MYERS,FL,33916
4353,4649 LONG LAKE DR,FORT MYERS,FL,33905
4354,466 SW FIELDS AVE,Port Saint Lucie,FL,34953
4355,470 SE Pine RD,Port Saint Lucie,FL,34984
4356,5551 COGNAC DR,FORT MYERS,FL,33919
4357,5558 PALM BEACH BLVD 303,FORT MYERS,FL,33905
4358,6108 NW Denmore LN,Port Saint Lucie,FL,34983
4359,7400 COLLEGE PKWY 9A,FORT MYERS,FL,33907
4360,1026 SW MACAO AVE,Port Saint Lucie,FL,34953
4361,10350 WHITE PALM WAY,FORT MYERS,FL,33966
4362,10449 WASHINGTONIA PALM WAY 3236,FORT MYERS,FL,33966
4363,11015 IRON HORSE WAY,FORT MYERS,FL,33913
4364,11845 PALBA WAY 7302,FORT MYERS,FL,33912
4365,1226 BURBECK ST,FORT MYERS,FL,33913
4366,12561 FLAMINGO DR,FORT MYERS,FL,33908
4367,1271 SE WAVE LN,Port Saint Lucie,FL,34953
4368,1469 SW Bargello AVE,Port Saint Lucie,FL,34953
4369,16 ZIRCON CT,PALM COAST,FL,32164
4370,1624 PINE VALLEY DR 220,FORT MYERS,FL,33907
4371,17020 WILLOWCREST WAY 310,FORT MYERS,FL,33908
4372,1887 SW Bellevue AVE,Port Saint Lucie,FL,34953
4373,1900 CLIFFORD ST 602,FORT MYERS,FL,33901
4374,192 NW Hazard WAY,Port Saint Lucie,FL,34986
4375,2234 SE Carnation RD,Port Saint Lucie,FL,34953
4376,26 ZEBULAHS TRL,PALM COAST,FL,32164
4377,26 ZOELLER CT,PALM COAST,FL,32164
4378,2719 SE EAGLE DR,Port Saint Lucie,FL,34953
4379,3121 MEANDERING WAY 202,FORT MYERS,FL,33905
4380,3226 SW MARTIN ST,Port Saint Lucie,FL,34953
4381,3521 GLENN DR,FORT MYERS,FL,33901
4382,4125 BELLASOL CIR 214,FORT MYERS,FL,33916
4383,44 POPLAR DR,PALM COAST,FL,32164
4384,5260 S LANDINGS DR 302,FORT MYERS,FL,33919
4385,5458/5460 5458/5460 SAGO AVE,FORT MYERS,FL,33907
4386,547 SW JEANNE AVE,Port Saint Lucie,FL,34953
4387,5600 CHELSEY LN 103,FORT MYERS,FL,33912
4388,5901 BURNHAM RD, NAPLES,FL,34119
4389,679 SE FAITH TERR,Port Saint Lucie,FL,34953
4390,80 SURFVIEW DR 422,PALM COAST,FL,32137
4391,9055 COLBY DR 2210,FORT MYERS,FL,33919
4392,10450 WASHINGTONIA PALM WAY 1442,FORT MYERS,FL,33966
4393,10510 AMIATA WAY 405,FORT MYERS,FL,33913
4394,12451 WOODTIMBER LN,FORT MYERS,FL,33913
4395,12756 BREWSTER DR,FORT MYERS,FL,33908
4396,13141 BELLA CASA CIR 1163,FORT MYERS,FL,33966
4397,13601 ADMIRAL CT,FORT MYERS,FL,33912
4398,1441 SW Bargello AVE,Port Saint Lucie,FL,34953
4399,151 BIRCHWOOD DR,PALM COAST,FL,32137
4400,16440 ARBOR RIDGE DR,FORT MYERS,FL,33908
4401,16561 ARBOR RIDGE DR,FORT MYERS,FL,33908
4402,19681 SUMMERLIN RD 230,FORT MYERS,FL,33908
4403,201 PRIMO DR,FORT MYERS BEACH,FL,33931
4404,218 AMBURY ST,FORT MYERS,FL,33913
4405,29 PHOENIX LN,PALM COAST,FL,32164
4406,30 SEA GREEN PATH,PALM COAST,FL,32164
4407,35 CASA BELLA CIR 1202,PALM COAST,FL,32137
4408,3562 BRIDGEWELL CT,FORT MYERS,FL,33916
4409,367 SW PANTHER TRACE,Port Saint Lucie,FL,34953
4410,3720 TEAKWOOD ST,FORT MYERS,FL,33905
4411,449 SW Belmont CIR,Port Saint Lucie,FL,34953
4412,4661 LONG LAKE DR,FORT MYERS,FL,33905
4413,47 FARRAGUT DR,PALM COAST,FL,32137
4414,52 WELLSTREAM LN,PALM COAST,FL,32164
4415,6 PICKWOOD PL,PALM COAST,FL,32164
4416,7393 SEA ISLAND RD,FORT MYERS,FL,33967
4417,8091 BIBIANA WAY 603,FORT MYERS,FL,33912
4418,10039 SALINA ST,FORT MYERS,FL,33905
4419,10136 SW Hafton ST,Port Saint Lucie,FL,34987
4420,10282 SAGO PALM WAY,FORT MYERS,FL,33966
4421,11961 CARAWAY LN 87,FORT MYERS,FL,33908
4422,12 SLUMBERLAND PATH,PALM COAST,FL,32164
4423,1212 TWIN PALM DR,FORT MYERS,FL,33919
4424,13936 LILY PAD CIR,FORT MYERS,FL,33907
4425,15100 A & W BULB RD,FORT MYERS,FL,33908
4426,15950 COUNTRY CT,FORT MYERS,FL,33912
4427,16 SCARLET OAK CIR,PALM COAST,FL,32137
4428,1610 NW Cataluna CIR,Port Saint Lucie,FL,34986
4429,17 CLOVERDALE CT N,PALM COAST,FL,32137
4430,17110 TERRAVERDE CIR 2418,FORT MYERS,FL,33908
4431,1714 WHISKEY CREEK DR,FORT MYERS,FL,33919
4432,1721 SW Cascade RD,Port Saint Lucie,FL,34953
4433,19 PINE GROVE DR,PALM COAST,FL,32164
4434,19681 SUMMERLIN RD 451,FORT MYERS,FL,33908
4435,200 OCEAN CREST DR 217,PALM COAST,FL,32137
4436,2067 SW HAMPSHIRE LN,Port Saint Lucie,FL,34953
4437,2318 SUNRISE BLVD,FORT MYERS,FL,33907
4438,2401 SW MASSEY ST,Port Saint Lucie,FL,34953
4439,2780 CLEVELAND AVE,FORT MYERS,FL,33901
4440,2932 MAGNOLIA ST,FORT MYERS,FL,33901
4441,306 SW LOG DR,Port Saint Lucie,FL,34953
4442,4048 MANNING AVE,FORT MYERS,FL,33916
4443,4402 SW Yamada DR,Port Saint Lucie,FL,34953
4444,4600 FLAGSHIP DR 202,FORT MYERS,FL,33919
4445,5 UNION RUN CT,PALM COAST,FL,32164
4446,55 PENNSYLVANIA LN,PALM COAST,FL,32164
4447,5730 ZIP DR,FORT MYERS,FL,33905
4448,646 SE Degan DR,Port Saint Lucie,FL,34953
4449,7330 ESTERO BLVD 602,FORT MYERS BEACH,FL,33931
4450,868 SE Celtic AVE,Port Saint Lucie,FL,34953
4451,9113 ASTONIA WAY,FORT MYERS,FL,33967
4452,11345 CARAVEL CIR 111,FORT MYERS,FL,33908
4453,12251 EAGLE POINTE CIR,FORT MYERS,FL,33913
4454,124 LONDON DR,PALM COAST,FL,32137
4455,1290 NW Bentley CIR B,Port Saint Lucie,FL,34986
4456,13141 BELLA CASA CIR 3177,FORT MYERS,FL,33966
4457,13315 WHITE MARSH LN 401,FORT MYERS,FL,33912
4458,142 PARKVIEW DR,PALM COAST,FL,32164
4459,14531 ABACO LAKES DR 202,FORT MYERS,FL,33908
4460,15 CRANDON CT,PALM COAST,FL,32137
4461,15235 S TAMIAMI TRL,FORT MYERS,FL,33908
4462,15467 YALE DR,FORT MYERS,FL,33908
4463,16000 DUBLIN CIR,FORT MYERS,FL,33908
4464,163 ADRIENNE DR,FORT MYERS,FL,33908
4465,1700 PARK MEADOWS DR 1,FORT MYERS,FL,33907
4466,1782 SW Del Rio BLVD,Port Saint Lucie,FL,34953
4467,20 BRUSHWOOD LN,PALM COAST,FL,32137
4468,2325 ANDROS AVE,FORT MYERS,FL,33905
4469,252 SW Cherry Hill RD,Port Saint Lucie,FL,34953
4470,282 SE WALSH TERR,Port Saint Lucie,FL,34953
4471,3 WALTON PL,PALM COAST,FL,32164
4472,3789 SW SWOPE ST,Port Saint Lucie,FL,34953
4473,4331 VERONICA S SHOEMAKER BLVD 10,FORT MYERS,FL,33916
4474,4529 DALMAHOY CT 303,FORT MYERS,FL,33916
4475,4535 DALMAHOY CT 603,FORT MYERS,FL,33916
4476,490 RANDY LN,FORT MYERS BEACH,FL,33931
4477,4914 LUCKETT RD,FORT MYERS,FL,33905
4478,514 NW GALATONE CT,Port Saint Lucie,FL,34986
4479,523 SW Deer RUN,Port Saint Lucie,FL,34953
4480,5719 NW Alcazar TER,Port Saint Lucie,FL,34953
4481,6 RUE GRANDE MER,PALM COAST,FL,32137
4482,6143 HENDLEY CT,FORT MYERS,FL,33905
4483,710 SW Avens ST,Port Saint Lucie,FL,34953
4484,925 SW Abingdon AVE,Port Saint Lucie,FL,34953
4485,9358 VIA MURANO CT,FORT MYERS,FL,33905
4486,9390 TRIANA TER 321,FORT MYERS,FL,33912
4487,998 SW FIRESTONE AVE,Port Saint Lucie,FL,34953
4488,12207 SIESTA DR,FORT MYERS BEACH,FL,33931
4489,1252 NW SUN TERRACE CIR 17D,Port Saint Lucie,FL,34953
4490,12574 FLAMINGO DR,FORT MYERS,FL,33908
4491,12763 FAIRWAY COVE CT,FORT MYERS,FL,33905
4492,13505 MARQUETTE BLVD,FORT MYERS,FL,33905
4493,1562 SW GADSAN AVE,Port Saint Lucie,FL,34953
4494,1858 SW Capehart AVE,Port Saint Lucie,FL,34953
4495,19 BARRINGTON DR,PALM COAST,FL,32137
4496,2080 SW LEAFY RD,Port Saint Lucie,FL,34953
4497,216 NW Mistral CT,Port Saint Lucie,FL,34986
4498,219 POINSETTIA DR,FORT MYERS,FL,33905
4499,2236 SW Portsmouth LN,Port Saint Lucie,FL,34953
4500,24 PINELYNN LN,PALM COAST,FL,32164
4501,2508 SE Anchorage Cove C-1,Port Saint Lucie,FL,34953
4502,2733 SE GARFIELD AVE,Port Saint Lucie,FL,34953
4503,35 RUSSO DR,PALM COAST,FL,32164
4504,45 SEA BREEZE TRL,PALM COAST,FL,32164
4505,453 NW Concord DR,Port Saint Lucie,FL,34953
4506,4566 SW SCOPE ST,Port Saint Lucie,FL,34953
4507,5318 FAIRFIELD WAY,FORT MYERS,FL,33919
4508,6006 TIMBERWOOD CIR 206,FORT MYERS,FL,33908
4509,72 FLAGLER DR,PALM COAST,FL,32137
4510,8240 ARBORFIELD CT,FORT MYERS,FL,33912
4511,8655 CHARTER CLUB CIR 5,FORT MYERS,FL,33919
4512,9263 BRENO DR,FORT MYERS,FL,33913
4513,9328 SCARLETTE OAK AVE,FORT MYERS,FL,33967
4514,11875 IZARRA WAY 8711,FORT MYERS,FL,33912
4515,13992 VILLAGE CREEK DR,FORT MYERS,FL,33908
4516,1426 SW Del Rio BLVD,Port Saint Lucie,FL,34953
4517,1638 LONG MEADOW RD,FORT MYERS,FL,33919
4518,1758 SW Ardmore ST,Port Saint Lucie,FL,34953
4519,1771 SE RIDGEWOOD ST,Port Saint Lucie,FL,34953
4520,17744 GRANDE BAYOU CT,FORT MYERS,FL,33908
4521,1778 SE DUMA TERR,Port Saint Lucie,FL,34953
4522,21 FLINT HILL LN,PALM COAST,FL,32137
4523,2208 SE LONGHORN AVE,Port Saint Lucie,FL,34953
4524,2253 SW EDISON CIR,Port Saint Lucie,FL,34953
4525,23 REINDEER LN,PALM COAST,FL,32164
4526,2510 ESTERO BLVD,FORT MYERS BEACH,FL,33931
4527,2518 SW GROTTO CIR,Port Saint Lucie,FL,34953
4528,2750 ROYAL PALM AVE,FORT MYERS,FL,33901
4529,2825 PALM BEACH BLVD 101,FORT MYERS,FL,33916
4530,301 NE FLORESTA DR,Port Saint Lucie,FL,34953
4531,3355 HIGHLAND AVE,FORT MYERS,FL,33916
4532,4157 SW TUSCOL ST,Port Saint Lucie,FL,34953
4533,522 SW EYERLY AVE,Port Saint Lucie,FL,34953
4534,5263 NW South Lovett CIR,Port Saint Lucie,FL,34986
4535,5313 NW Akbar CT,Port Saint Lucie,FL,34953
4536,5555 FOURTH AVE,FORT MYERS,FL,33907
4537,556 SE Brookside TER,Port Saint Lucie,FL,34953
4538,6120 WHISKEY CREEK DR 411,FORT MYERS,FL,33919
4539,65 KALAMAZOO TRL,PALM COAST,FL,32164
4540,74 WYNNFIELD DR,PALM COAST,FL,32164
4541,8219 PACIFIC BEACH DR,FORT MYERS,FL,33966
4542,829 SW SQUIRREL AVE,Port Saint Lucie,FL,34953
4543,9922 HORSE CREEK RD,FORT MYERS,FL,33913
4544,10309 CREPE JASMINE LN,FORT MYERS,FL,33913
4545,1034 SHADDELEE LN E,FORT MYERS,FL,33919
4546,1089 SW SPATARO AVE,Port Saint Lucie,FL,34953
4547,10945 CHERRY LAUREL DR,FORT MYERS,FL,33912
4548,1259 NW SUN TERRACE CIR 5D,Port Saint Lucie,FL,34953
4549,13274 HEATHER RIDGE LOOP,FORT MYERS,FL,33966
4550,14814 RANDOLPH CT,FORT MYERS,FL,33905
4551,156 VERMONT AVE,FORT MYERS,FL,33905
4552,1566 INVENTORS CT,FORT MYERS,FL,33901
4553,16 SECRETARY TRL,PALM COAST,FL,32164
4554,1609 SW Bellevue AVE,Port Saint Lucie,FL,34953
4555,16351 SHENANDOAH CIR,FORT MYERS,FL,33908
4556,16521 BAYLEAF LN 67,FORT MYERS,FL,33908
4557,1826 SE Boma AVE,Port Saint Lucie,FL,34953
4558,19681 SUMMERLIN RD 218,FORT MYERS,FL,33908
4559,200 OCEAN CREST DR 914,PALM COAST,FL,32137
4560,2052 SE Avon Park DR,Port Saint Lucie,FL,34952
4561,206 MAGELLAN ST,FORT MYERS,FL,33913
4562,214 SW Christmas Terr,Port Saint Lucie,FL,34953
4563,2366 E MALL DR 406,FORT MYERS,FL,33901
4564,2685 PURSLANE DR,FORT MYERS,FL,33905
4565,2862 SW FLUVIA ST,Port Saint Lucie,FL,34953
4566,2892 SE Farley RD,Port Saint Lucie,FL,34953
4567,3 SEA BRIGHT PL,PALM COAST,FL,32164
4568,3333 W RIVERSIDE DR,FORT MYERS,FL,33901
4569,3853 KNOWLTON ST,FORT MYERS,FL,33905
4570,39 BUFFALO MEADOW LN,PALM COAST,FL,32137
4571,420 NW PEACOCK DR,Port Saint Lucie,FL,34953
4572,524 SW Buswell AVE,Port Saint Lucie,FL,34953
4573,536 PECK AVE,FORT MYERS,FL,33919
4574,5381 JACKSON RD,FORT MYERS,FL,33905
4575,558 SE EUCLID LN,Port Saint Lucie,FL,34953
4576,5822 NW Dana CIR,Port Saint Lucie,FL,34953
4577,6100 ESTERO BLVD 2D,FORT MYERS BEACH,FL,33931
4578,7934 BUCCANEER DR,FORT MYERS BEACH,FL,33931
4579,8330 VILLAGE EDGE CIR 2,FORT MYERS,FL,33919
4580,8838 NEW CASTLE DR,FORT MYERS,FL,33908
4581,1 WELLING PL,PALM COAST,FL,32164
4582,12001 LUCCA ST 102,FORT MYERS,FL,33966
4583,1218 SW Aragon AVE,Port Saint Lucie,FL,34953
4584,1240 NW SUN TERRACE CIR 11C,Port Saint Lucie,FL,34953
4585,16 CLEARVIEW CT S,PALM COAST,FL,32137
4586,16 SQUIRREL PL,PALM COAST,FL,32164
4587,17042 COLONY LAKES BLVD,FORT MYERS,FL,33908
4588,18190 PARKRIDGE CIR,FORT MYERS,FL,33908
4589,1827 JEFFERSON AVE,FORT MYERS,FL,33901
4590,18437 HOLLY RD,FORT MYERS,FL,33967
4591,19969 ESTERO VERDE DR,FORT MYERS,FL,33908
4592,30 BUNKER KNOLLS LN,PALM COAST,FL,32137
4593,33 COMANCHE CT,PALM COAST,FL,32137
4594,33 PRATTWOOD LN,PALM COAST,FL,32164
4595,349 NW Sunview WAY,Port Saint Lucie,FL,34986
4596,3608 EDGEWOOD AVE,FORT MYERS,FL,33916
4597,41 FELLOWSHIP DR,PALM COAST,FL,32137
4598,4340 LAZIO WAY 1301,FORT MYERS,FL,33901
4599,448 NE Leaping Frog WAY,Port Saint Lucie,FL,34983
4600,469 NW Blue Lake DR,Port Saint Lucie,FL,34986
4601,5100 ESTERO BLVD 4B4,FORT MYERS BEACH,FL,33931
4602,5407 BRANDY CIR W,FORT MYERS,FL,33919
4603,585 SW Backert AVE,Port Saint Lucie,FL,34953
4604,619 SE STOW TERR,Port Saint Lucie,FL,34953
4605,6872 SANDTRAP DR 1,FORT MYERS,FL,33919
4606,819 SW Andrew RD,Port Saint Lucie,FL,34953
4607,8954 BEACON ST,FORT MYERS,FL,33907
4608,9318 AVIANO DR 201,FORT MYERS,FL,33913
4609,1 POST OAK LN,PALM COAST,FL,32164
4610,104 SURFVIEW DR 2103,PALM COAST,FL,32137
4611,10605 CAMARELLE CIR,FORT MYERS,FL,33913
4612,12029 WESTMORELAND WAY,FORT MYERS,FL,33913
4613,12100/102 12100/102 SIESTA DR,FORT MYERS BEACH,FL,33931
4614,1312 SW ORIOLE LN,Port Saint Lucie,FL,34953
4615,13351 GREENGATE BLVD 415,FORT MYERS,FL,33919
4616,1338 SW HERALD RD,Port Saint Lucie,FL,34953
4617,14131 BARKWOOD ST,FORT MYERS,FL,33905
4618,14155 PLUM ISLAND DR,FORT MYERS,FL,33919
4619,14500 DAFFODIL DR 1105,FORT MYERS,FL,33919
4620,14611 SHERBROOK PL 202,FORT MYERS,FL,33912
4621,14987 RIVERS EDGE CT 240,FORT MYERS,FL,33908
4622,17265/267 17265/267 WHITEWATER CT,FORT MYERS BEACH,FL,33931
4623,1982 SW MCALLISTER LN,Port Saint Lucie,FL,34953
4624,2 BURNHAM LN,PALM COAST,FL,32137
4625,2109 FRENCH ST,FORT MYERS,FL,33916
4626,2342 SE SEAMIST ST,Port Saint Lucie,FL,34953
4627,2568 SW MONTERREY LN,Port Saint Lucie,FL,34953
4628,28 PIER LN,PALM COAST,FL,32164
4629,33 LEMA LN,PALM COAST,FL,32137
4630,3333 SE RIVER VISTA CT,Port Saint Lucie,FL,34953
4631,4049 SW Cheribon ST,Port Saint Lucie,FL,34953
4632,421 SNOW DR,FORT MYERS,FL,33919
4633,448 SW JACKSON PL,Port Saint Lucie,FL,34986
4634,4585 TRAWLER CT 205,FORT MYERS,FL,33919
4635,46 FARISTON PL,PALM COAST,FL,32137
4636,485 SW SAGINAW AVE,Port Saint Lucie,FL,34953
4637,639 NE Muskrat RUN,Port Saint Lucie,FL,34983
4638,6501 JACOBS DR,FORT MYERS,FL,33908
4639,718 SW San Salvador Cove,Port Saint Lucie,FL,34986
4640,7660 NW Greenbank CIR,Port Saint Lucie,FL,34987
4641,8266 LANGSHIRE WAY,FORT MYERS,FL,33912
4642,8275 PROVENCIA CT,FORT MYERS,FL,33912
4643,10039 SW Newberry AVE,Port Saint Lucie,FL,34987
4644,117 LONGVIEW WAY N,PALM COAST,FL,32137
4645,127 BICKFORD DR,PALM COAST,FL,32137
4646,12714 ASTOR PL,FORT MYERS,FL,33913
4647,12821 TERABELLA WAY,FORT MYERS,FL,33912
4648,12842 NW Copper Creek DR,Port Saint Lucie,FL,34987
4649,12874 KINGSMILL WAY,FORT MYERS,FL,33913
4650,13 CLAYMONT CT S,PALM COAST,FL,32137
4651,14080 EAGLE RIDGE LAKES DR 102,FORT MYERS,FL,33912
4652,1443 BYRON RD,FORT MYERS,FL,33919
4653,14871 HOLE IN ONE CIR 304,FORT MYERS,FL,33919
4654,1498 SW SAN SEBASTIAN AVE,Port Saint Lucie,FL,34953
4655,15121 LAGUNA DR 102,FORT MYERS,FL,33908
4656,1526 SE Ballantrae CT,Port Saint Lucie,FL,34952
4657,2418 SE Camarin ST,Port Saint Lucie,FL,34953
4658,2517 SE TROPICAL EAST CIR,Port Saint Lucie,FL,34952
4659,2671 NW Treviso CIR,Port Saint Lucie,FL,34986
4660,2751 MCGREGOR BLVD,FORT MYERS,FL,33901
4661,28 BRIAN LN,PALM COAST,FL,32137
4662,29 CHERRYTREE CT,PALM COAST,FL,32137
4663,35 LEAVER DR,PALM COAST,FL,32137
4664,3736 KILARNEY ST,FORT MYERS,FL,33905
4665,4141 BAY BEACH LN 446,FORT MYERS BEACH,FL,33931
4666,4622 SW Dateland ST,Port Saint Lucie,FL,34953
4667,6 LARK PL,PALM COAST,FL,32137
4668,6130 NW Daroco Terr,Port Saint Lucie,FL,34953
4669,7 VALENCIA CT,PALM COAST,FL,32137
4670,81 EDWARD DR,PALM COAST,FL,32164
4671,9150 SOUTHMONT CV 102,FORT MYERS,FL,33908
4672,10660 SW Southgate CT,Port Saint Lucie,FL,34987
4673,11464 WATERFORD VILLAGE CT,FORT MYERS,FL,33913
4674,11670 NAVARRO WAY 1303,FORT MYERS,FL,33908
4675,12290 SW Elsinore DR,Port Saint Lucie,FL,34987
4676,12909 VILLAGE GATE CT,FORT MYERS,FL,33913
4677,13250 FOURTH ST,FORT MYERS,FL,33905
4678,13297 HAMPTON PARK CT,FORT MYERS,FL,33913
4679,1356 SW HEATHER ST,Port Saint Lucie,FL,34953
4680,14618 SUMMER ROSE WAY,FORT MYERS,FL,33919
4681,1520 SE ROYAL GREEN CIR 108,Port Saint Lucie,FL,34953
4682,1632 SW Crawford AVE,Port Saint Lucie,FL,34953
4683,173 BIRD OF PARADISE DR,PALM COAST,FL,32137
4684,18430 PIONEER RD,FORT MYERS,FL,33908
4685,2155 SW KAIL ST,Port Saint Lucie,FL,34953
4686,2572 SE UNIVERSITY TERR,Port Saint Lucie,FL,34953
4687,28 RADIUM LN,PALM COAST,FL,32164
4688,3013 SW Circle ST,Port Saint Lucie,FL,34953
4689,31 LINDSAY DR,PALM COAST,FL,32137
4690,402 SW LAIRO AVE,Port Saint Lucie,FL,34953
4691,50 ULYSSES TRL,PALM COAST,FL,32164
4692,501 SW TWIG AVE,Port Saint Lucie,FL,34953
4693,558 NW Cortina LN,Port Saint Lucie,FL,34986
4694,62 FOUNTAIN GATE LN,PALM COAST,FL,32137
4695,7327 ESTERO BLVD 100,FORT MYERS BEACH,FL,33931
4696,8023 MATANZAS RD,FORT MYERS,FL,33967
4697,8092 SANDPIPER RD,FORT MYERS,FL,33967
4698,820 NEUSE AVE,FORT MYERS,FL,33913
4699,8451 KINGBIRD LOOP 328,FORT MYERS,FL,33967
4700,873 SE STREAMLET AVE,Port Saint Lucie,FL,34953
4701,874 HOFSTRA DR,FORT MYERS,FL,33919
4702,9 WILLOUGHBY PL,PALM COAST,FL,32164
4703,11170 SUNGLOW LN,FORT MYERS,FL,33908
4704,13748 GOLDEN PALMS CIR,FORT MYERS,FL,33913
4705,14167 VINDEL CIR,FORT MYERS,FL,33905
4706,1428 WINKLER AVE,FORT MYERS,FL,33901
4707,14580 GRANDE CAY CIR 2510,FORT MYERS,FL,33908
4708,149 BIRCHWOOD DR,PALM COAST,FL,32137
4709,15125 MILAGROSA DR 203,FORT MYERS,FL,33908
4710,15393 BELLAMAR CIR 511,FORT MYERS,FL,33908
4711,16404 CROWN ARBOR WAY,FORT MYERS,FL,33908
4712,16973 TIMBERLAKES DR,FORT MYERS,FL,33908
4713,1825 SW MORELIA LN,Port Saint Lucie,FL,34953
4714,1836 PINE GLADE CIR,FORT MYERS,FL,33907
4715,206 HIBISCUS DR,FORT MYERS BEACH,FL,33931
4716,2113 SE Fern Park DR,Port Saint Lucie,FL,34952
4717,2297 SE MELALEUCA BLVD,Port Saint Lucie,FL,34953
4718,2450 SW SUMMIT ST,Port Saint Lucie,FL,34953
4719,2673 SW TANFORAN BLVD,Port Saint Lucie,FL,34953
4720,28 WOODSTONE LN,PALM COAST,FL,32164
4721,312 NOGALES ST,FORT MYERS,FL,33916
4722,33 SCARLET OAK CIR,PALM COAST,FL,32137
4723,4 CHINOOK CT,PALM COAST,FL,32137
4724,4481 ARMEDA AVE,FORT MYERS,FL,33905
4725,500 ESTERO BLVD 898,FORT MYERS BEACH,FL,33931
4726,610 SE TANNER AVE,Port Saint Lucie,FL,34953
4727,80 FENIMORE LN,PALM COAST,FL,32137
4728,8150 SUMMERLIN VILLAGE CIR 404,FORT MYERS,FL,33919
4729,8863 KING HENRY CT,FORT MYERS,FL,33908
4730,10880 SW Blue Mesa WAY,Port Saint Lucie,FL,34987
4731,11131 CARAVEL CIR,FORT MYERS,FL,33908
4732,12449 SW Silverwood AVE,Port Saint Lucie,FL,34987
4733,14 BARRING PL,PALM COAST,FL,32137
4734,1430 BROOKHILL DR,FORT MYERS,FL,33916
4735,15749 GLENISLE WAY,FORT MYERS,FL,33912
4736,16230 KELLY COVE DR 232,FORT MYERS,FL,33908
4737,18 LUTHER DR,PALM COAST,FL,32137
4738,1991 SW GOURMET ST,Port Saint Lucie,FL,34953
4739,2024 SE KILMALLIE CT,Port Saint Lucie,FL,34952
4740,2050 BAHAMA AVE,FORT MYERS,FL,33905
4741,2184 TREEHAVEN CIR S,FORT MYERS,FL,33907
4742,221 SW Aldoro PL,Port Saint Lucie,FL,34953
4743,28 BANNBURY LN,PALM COAST,FL,32137
4744,2909 SE Bella RD,Port Saint Lucie,FL,34953
4745,291 ALBATROSS ST,FORT MYERS BEACH,FL,33931
4746,3179 SE OVERBROOK DR,Port Saint Lucie,FL,34953
4747,3758 MADISON AVE,FORT MYERS,FL,33916
4748,3761 SW SABATINI ST,Port Saint Lucie,FL,34953
4749,4200 DELEON ST,FORT MYERS,FL,33901
4750,5364 N OCEAN SHORE BLVD,PALM COAST,FL,32137
4751,6140 HELLMAN AVE,FORT MYERS,FL,33905
4752,6893 ESTERO BLVD 411,FORT MYERS BEACH,FL,33931
4753,7146 ESTERO BLVD 314,FORT MYERS BEACH,FL,33931
4754,1216 DONNA DR,FORT MYERS,FL,33919
4755,1261 SW Crost AVE,Port Saint Lucie,FL,34953
4756,12854 DEVONSHIRE LAKES CIR,FORT MYERS,FL,33913
4757,12858 IVORY STONE LOOP,FORT MYERS,FL,33913
4758,14571 LEGENDS BLVD N 303,FORT MYERS,FL,33912
4759,14815 LAGUNA DR 702,FORT MYERS,FL,33908
4760,15 SELLNER PL,PALM COAST,FL,32164
4761,17170 HARBOUR POINTE DR 507,FORT MYERS,FL,33908
4762,19711 TESORO WAY,FORT MYERS,FL,33967
4763,216 SW GETTYSBURG DR,Port Saint Lucie,FL,34953
4764,2195 SE Airoso BLVD,Port Saint Lucie,FL,34953
4765,2274 SW Best ST,Port Saint Lucie,FL,34953
4766,2301 WOODLAND TER,FORT MYERS,FL,33907
4767,232 SW LANGFIELD AVE,Port Saint Lucie,FL,34953
4768,24 LEWIS DR,PALM COAST,FL,32137
4769,265 SW VOLTAIR TERR,Port Saint Lucie,FL,34953
4770,2650 PARK WINDSOR DR 104,FORT MYERS,FL,33901
4771,30 ANDOVER DR,PALM COAST,FL,32137
4772,308 HARBOR VILLAGE PT,PALM COAST,FL,32137
4773,3541 EDISON AVE,FORT MYERS,FL,33916
4774,382 NE GENESEE AVE,Port Saint Lucie,FL,34953
4775,39 ROSEPETAL LN,PALM COAST,FL,32164
4776,451 SW LAIRO AVE,Port Saint Lucie,FL,34953
4777,4511 BAY BEACH LN 112,FORT MYERS BEACH,FL,33931
4778,5610 CHELSEY LN 101,FORT MYERS,FL,33912
4779,6800 NW ELAINE ST,Port Saint Lucie,FL,34953
4780,6893 SANDTRAP DR,FORT MYERS,FL,33919
4781,732 SE LANSDOWNE AVE,Port Saint Lucie,FL,34953
4782,75 BRUNSWICK LN,PALM COAST,FL,32137
4783,9235 BELLEZA WAY 106,FORT MYERS,FL,33908
4784,931 SW PAAR DR,Port Saint Lucie,FL,34953
4785,9352 SCARLETTE OAK AVE,FORT MYERS,FL,33967
4786,95 PICKERING DR,PALM COAST,FL,32164
4787,9841 WEATHER STONE PL,FORT MYERS,FL,33913
4788,10183 SW Indian Lilac TRL,Port Saint Lucie,FL,34987
4789,11 LAMAR LN,PALM COAST,FL,32137
4790,1210 SE Coral Reef ST,Port Saint Lucie,FL,34953
4791,1238 SW Asturia AVE,Port Saint Lucie,FL,34953
4792,12580 KELLY PALM DR,FORT MYERS,FL,33908
4793,135 PLACID DR,FORT MYERS,FL,33919
4794,13711 DOWITCHER DR,FORT MYERS,FL,33908
4795,14390 HAMPTON LAKE CT,FORT MYERS,FL,33908
4796,1587 SE Crowberry DR,Port Saint Lucie,FL,34953
4797,3 SEATHORN PATH,PALM COAST,FL,32164
4798,3071 SE GALT CIR,Port Saint Lucie,FL,34953
4799,355 NW Stratford LN,Port Saint Lucie,FL,34983
4800,3857 HILLANDALE ST,FORT MYERS,FL,33905
4801,4084 SW HAINLIN ST,Port Saint Lucie,FL,34953
4802,5461 NW ODOM CT,Port Saint Lucie,FL,34953
4803,582 SW GROVE AVE,Port Saint Lucie,FL,34953
4804,61 WESTCEDAR LN,PALM COAST,FL,32164
4805,683 NE Moss Rose PL,Port Saint Lucie,FL,34983
4806,10064 SW Glenbrook DR,Port Saint Lucie,FL,34987
4807,11096 WINE PALM RD,FORT MYERS,FL,33966
4808,119 SW EYERLY AVE,Port Saint Lucie,FL,34953
4809,11908 FIVE WATERS CIR,FORT MYERS,FL,33913
4810,12 CROSSGATE CT W,PALM COAST,FL,32137
4811,14742 OLDE MILLPOND CT,FORT MYERS,FL,33908
4812,15 FLAMINGO CT,PALM COAST,FL,32137
4813,1521 CHARMONT PL,FORT MYERS,FL,33919
4814,1524 LINHART AVE,FORT MYERS,FL,33901
4815,15376 OLD PINE CT,FORT MYERS,FL,33912
4816,16751 LINK CT,FORT MYERS,FL,33912
4817,16770 JACARANDA DR,FORT MYERS,FL,33908
4818,1678 S FOUNTAINHEAD RD,FORT MYERS,FL,33919
4819,16811/813 16811/813 JACARANDA DR,FORT MYERS,FL,33908
4820,17176 HAITIAN DR,FORT MYERS,FL,33967
4821,17510 PRIMROSE CT,FORT MYERS BEACH,FL,33931
4822,1899 SE HANBY AVE,Port Saint Lucie,FL,34953
4823,1941 SW HILLMAN ST,Port Saint Lucie,FL,34953
4824,19447 LA SERENA DR,FORT MYERS,FL,33967
4825,2161 SW JANETTE AVE,Port Saint Lucie,FL,34953
4826,2250/2252 2250/2252 IRIS WAY,FORT MYERS,FL,33905
4827,227 BOULDER ROCK DR,PALM COAST,FL,32137
4828,23 WENDLIN LN,PALM COAST,FL,32164
4829,2343 EPHRAIM AVE,FORT MYERS,FL,33907
4830,31 BUNKER HILL DR,PALM COAST,FL,32137
4831,3748 KENYON ST,FORT MYERS,FL,33905
4832,5786 NW Zinnia ST,Port Saint Lucie,FL,34953
4833,584 SW HALKELL AVE,Port Saint Lucie,FL,34953
4834,5883 BURNHAM RD, NAPLES,FL,34119
4835,7218 FALCON CREST CT,FORT MYERS,FL,33908
4836,7330 ESTERO BLVD 407,FORT MYERS BEACH,FL,33931
4837,7331 ALBANY RD,FORT MYERS,FL,33967
4838,7452/7456 7452/7456 PEBBLE BEACH RD,FORT MYERS,FL,33967
4839,80 WHITE STAR DR,PALM COAST,FL,32164
4840,8504 CHARTER CLUB CIR 9,FORT MYERS,FL,33919
4841,881 DEAN WAY,FORT MYERS,FL,33919
4842,9128 LINKS DR,FORT MYERS,FL,33913
4843,10178 SW Fernwood AVE,Port Saint Lucie,FL,34987
4844,10505 SEVILLA DR 201,FORT MYERS,FL,33913
4845,111 SW Austin CT,Port Saint Lucie,FL,34953
4846,1122 24TH ST, OKEECHOBEE,FL,34974
4847,11454 SW Fieldstone WAY,Port Saint Lucie,FL,34987
4848,1221 SW Abingdon AVE,Port Saint Lucie,FL,34953
4849,12471 MCGREGOR BLVD 12A,FORT MYERS,FL,33919
4850,14811 HOLE IN ONE CIR PH8,FORT MYERS,FL,33919
4851,14835 CALUSA PALMS DR,FORT MYERS,FL,33919
4852,15031 LAKESIDE VIEW DR 2202,FORT MYERS,FL,33919
4853,15048 TAMARIND CAY CT 602,FORT MYERS,FL,33908
4854,1550 SE MANTH LN,Port Saint Lucie,FL,34953
4855,17 RYMEN LN,PALM COAST,FL,32164
4856,1822 SE FLORESTA DR,Port Saint Lucie,FL,34953
4857,2121 COLLIER AVE 502,FORT MYERS,FL,33901
4858,2372 CHANDLER AVE,FORT MYERS,FL,33907
4859,26 FAITH LN,PALM COAST,FL,32137
4860,261 SW North Wakefield CIR,Port Saint Lucie,FL,34953
4861,2652 ORANGE ST,FORT MYERS,FL,33916
4862,28 PORTO MAR 0601,PALM COAST,FL,32137
4863,2822 SE LEIGH AVE,Port Saint Lucie,FL,34953
4864,32 SEVILLE ORANGE PATH,PALM COAST,FL,32164
4865,334 SW Vista Lake DR,Port Saint Lucie,FL,34953
4866,3675 BROADWAY B1,FORT MYERS,FL,33901
4867,4203 BAY BEACH LN 6H,FORT MYERS BEACH,FL,33931
4868,4350 LAZIO WAY 1106,FORT MYERS,FL,33901
4869,6 CHARLES CT,PALM COAST,FL,32137
4870,6150 WHISKEY CREEK DR 801,FORT MYERS,FL,33919
4871,6153 HERRICK AVE,FORT MYERS,FL,33905
4872,8324 LANGSHIRE WAY,FORT MYERS,FL,33912
4873,9349 CHESTNUT TREE LOOP,FORT MYERS,FL,33967
4874,11081 MAHOGANY RUN,FORT MYERS,FL,33913
4875,12 FARNUM LN,PALM COAST,FL,32137
4876,12635 STONE TOWER LOOP,FORT MYERS,FL,33913
4877,14198 PLUM ISLAND DR,FORT MYERS,FL,33919
4878,14571 SHERBROOK PL 205,FORT MYERS,FL,33912
4879,1462 SW Dimperio AVE,Port Saint Lucie,FL,34953
4880,1561 SW MULLINAX RD,Port Saint Lucie,FL,34953
4881,1634 SW TIVAN LN,Port Saint Lucie,FL,34953
4882,1771 SW Angelo ST,Port Saint Lucie,FL,34953
4883,18135 DUPONT DR,FORT MYERS,FL,33967
4884,2051 ORTIZ AVE,FORT MYERS,FL,33905
4885,216 BIRCHWOOD DR,PALM COAST,FL,32137
4886,2243 FRENCH ST,FORT MYERS,FL,33916
4887,3442 SW HAINES ST,Port Saint Lucie,FL,34953
4888,4001 SW Bamberg ST,Port Saint Lucie,FL,34953
4889,471 SE Asbury LN,Port Saint Lucie,FL,34953
4890,59 WESTLEE LN,PALM COAST,FL,32164
4891,6213 TIMBERWOOD CIR 127,FORT MYERS,FL,33908
4892,67 BERKSHIRE LN,PALM COAST,FL,32137
4893,6860 WESTWOOD ACRES RD,FORT MYERS,FL,33905
4894,8350 ESTERO BLVD 236,FORT MYERS BEACH,FL,33931
4895,9 SAN JOSE DR,PALM COAST,FL,32137
4896,9049 TANGELO BLVD,FORT MYERS,FL,33967
4897,9068 SEBRING LN,FORT MYERS,FL,33967
4898,92 WESTLEE LN,PALM COAST,FL,32164
4899,10004 SALINA ST,FORT MYERS,FL,33905
4900,10113 SUGAR MAPLE LN,FORT MYERS,FL,33913
4901,104 LYNBROOK DR,PALM COAST,FL,32137
4902,10621 MCGREGOR BLVD,FORT MYERS,FL,33919
4903,10635 SW Capraia WAY,Port Saint Lucie,FL,34982
4904,1197 SW Curtis ST,Port Saint Lucie,FL,34953
4905,12291 COUNTRY DAY CIR,FORT MYERS,FL,33913
4906,12862 JULIP CT,FORT MYERS,FL,33966
4907,13091 PEBBLEBROOK POINT CIR 102,FORT MYERS,FL,33905
4908,14090 BRENTON REEF WAY,FORT MYERS,FL,33919
4909,14111 BINGHAMPTON DR,FORT MYERS,FL,33905
4910,14660 CEMETERY RD,FORT MYERS,FL,33905
4911,152 BIRCHWOOD DR,PALM COAST,FL,32137
4912,1603 SW HARBOUR ISLES CIR 47,Port Saint Lucie,FL,34986
4913,17483 OLD HARMONY DR 201,FORT MYERS,FL,33908
4914,1849 SW KIMBERLY AVE,Port Saint Lucie,FL,34953
4915,1874 SW Buttercup AVE,Port Saint Lucie,FL,34953
4916,2 FELICIA CT,PALM COAST,FL,32137
4917,214 SE VILLAGE DR 214,Port Saint Lucie,FL,34953
4918,2520 WEBER BLVD,FORT MYERS,FL,33905
4919,28 PANORAMA DR,PALM COAST,FL,32164
4920,2904 SE EAGLE DR,Port Saint Lucie,FL,34953
4921,301 NE SURREY ST,Port Saint Lucie,FL,34953
4922,41 ROBINSON DR,PALM COAST,FL,32164
4923,4214 SW UTTERBACK ST,Port Saint Lucie,FL,34953
4924,464 KEENAN CT,FORT MYERS,FL,33919
4925,4673 SW ULSTER ST,Port Saint Lucie,FL,34953
4926,4979/4985 4979/4985 BILLYS CREEK DR,FORT MYERS,FL,33905
4927,5 CASTLE CT,PALM COAST,FL,32137
4928,5553/5555 5553/5555 EIGHTH AVE,FORT MYERS,FL,33907
4929,561 NE SOLIDA CIR,Port Saint Lucie,FL,34953
4930,5950 NW HANN DR,Port Saint Lucie,FL,34953
4931,596 SW SARA BLVD,Port Saint Lucie,FL,34953
4932,652 SW Andros CIR,Port Saint Lucie,FL,34986
4933,703 SW GOODRICH ST,Port Saint Lucie,FL,34953
4934,74 FLEMINGWOOD LN,PALM COAST,FL,32137
4935,9 BEAUFORD LN,PALM COAST,FL,32137
4936,95 FREEMONT TURN,PALM COAST,FL,32137
4937,10 BILTMORE PL,PALM COAST,FL,32137
4938,10016 HORSE CREEK RD,FORT MYERS,FL,33913
4939,103 WOOD HAVEN DR,PALM COAST,FL,32164
4940,1092 SE PRINEVILLE ST,Port Saint Lucie,FL,34953
4941,12021 SW Elsinore DR,Port Saint Lucie,FL,34987
4942,12561 LAKE RUN DR,FORT MYERS,FL,33913
4943,12751 YACHT CLUB CIR,FORT MYERS,FL,33919
4944,13100 BROADHURST LOOP 903,FORT MYERS,FL,33919
4945,14 RIVER OAKS WAY,PALM COAST,FL,32137
4946,14171 BINGHAMPTON DR,FORT MYERS,FL,33905
4947,1473 SE RIVERGREEN CIR,Port Saint Lucie,FL,34953
4948,1649 SW LEVATO AVE,Port Saint Lucie,FL,34953
4949,17200 SAN CARLOS BLVD,FORT MYERS BEACH,FL,33931
4950,1801 SW MORELIA LN,Port Saint Lucie,FL,34953
4951,1825 SW EFFLAND AVE,Port Saint Lucie,FL,34953
4952,18321 LEE RD,FORT MYERS,FL,33967
4953,19681 SUMMERLIN RD 336,FORT MYERS,FL,33908
4954,3662 UNIQUE CIR,FORT MYERS,FL,33908
4955,3868 TILBOR CIR,FORT MYERS,FL,33916
4956,4401 CORTINA CIR 340,FORT MYERS,FL,33916
4957,5 CLINTON CT S,PALM COAST,FL,32137
4958,532 NW Mercantile PL 106,Port Saint Lucie,FL,34982
4959,5553/5555 5553/5555 NINTH AVE,FORT MYERS,FL,33907
4960,5558 PALM BEACH BLVD 214,FORT MYERS,FL,33905
4961,5707 NW Zenith DR,Port Saint Lucie,FL,34953
4962,5805 NW Rose Petal CT,Port Saint Lucie,FL,34953
4963,6 RAMSGATE PL,PALM COAST,FL,32164
4964,6145 NW GATUN DR,Port Saint Lucie,FL,34953
4965,615 NW ENTERPRISE DR,Port Saint Lucie,FL,34983
4966,634 SW Bolin CT,Port Saint Lucie,FL,34953
4967,79 BERKSHIRE LN,PALM COAST,FL,32137
4968,8336 TAHITI RD,FORT MYERS,FL,33967
4969,854 DELLENA LN,FORT MYERS,FL,33905
4970,89 BREN MAR LN,PALM COAST,FL,32137
4971,11814 PINE TIMBER LN,FORT MYERS,FL,33913
4972,11965 MACQUARIE WAY,FORT MYERS,FL,33913
4973,14961 HOLE IN ONE CIR PH2,FORT MYERS,FL,33919
4974,15050 SANDPIPER PRESERVE BLVD 104,FORT MYERS,FL,33919
4975,1727 SW Bonfire TER,Port Saint Lucie,FL,34953
4976,1961 SE RAINIER RD,Port Saint Lucie,FL,34953
4977,205 SW STARFLOWER AVE,Port Saint Lucie,FL,34953
4978,2213 CORONET ST,FORT MYERS,FL,33907
4979,2510 SE Anchorage Cove E-2,Port Saint Lucie,FL,34953
4980,28 PORTO MAR 0701,PALM COAST,FL,32137
4981,2866 VIA PIAZZA LOOP,FORT MYERS,FL,33905
4982,3153 BLOUNT ST,FORT MYERS,FL,33916
4983,321 ROYAL PALM PARK RD,FORT MYERS,FL,33905
4984,365 SW Lake Forest WAY,Port Saint Lucie,FL,34986
4985,37 LOUISBURG LN,PALM COAST,FL,32137
4986,4055 SW Winslow ST,Port Saint Lucie,FL,34953
4987,451 SW Curry ST,Port Saint Lucie,FL,34953
4988,5463 PEPPERTREE DR 16,FORT MYERS,FL,33908
4989,569 NW FLORESTA DR,Port Saint Lucie,FL,34953
4990,6691 ESTERO BLVD 303,FORT MYERS BEACH,FL,33931
4991,7 SPANISH MOSS CT,PALM COAST,FL,32137
4992,80 RICKENBACKER DR,PALM COAST,FL,32164
4993,80 BURBANK DR,PALM COAST,FL,32137
4994,87 ROYAL OAK DR,PALM COAST,FL,32164
4995,9661 HEMINGWAY LN 3206,FORT MYERS,FL,33913
4996,9806 CASA MAR CIR,FORT MYERS,FL,33919
4997,106 NW Willow Grove AVE,Port Saint Lucie,FL,34986
4998,111 FOSTER LN,PALM COAST,FL,32137
4999,12 MARSHVIEW LN,PALM COAST,FL,32137
5000,12981 TIMOTHY LN,FORT MYERS,FL,33908
5001,136 BRUNSWICK LN,PALM COAST,FL,32137
5002,1402 SE KIRKE LN,Port Saint Lucie,FL,34953
5003,1425 ALHAMBRA DR,FORT MYERS,FL,33901
5004,1486 SW Bartell AVE,Port Saint Lucie,FL,34953
5005,18 PINE GROVE DR,PALM COAST,FL,32164
5006,180 SE Via Sangro,Port Saint Lucie,FL,34952
5007,2 BELVEDERE LN,PALM COAST,FL,32137
5008,2023 MAPLE AVE,FORT MYERS,FL,33901
5009,2135 CRYSTAL DR 47,FORT MYERS,FL,33907
5010,279 SW MOSELLE AVE,Port Saint Lucie,FL,34953
5011,31 WESTCHESTER LN,PALM COAST,FL,32164
5012,33 BUTTERMILL DR,PALM COAST,FL,32137
5013,4 WILKSBORO PL,PALM COAST,FL,32164
5014,4120 SW Winslow ST,Port Saint Lucie,FL,34953
5015,4432 SW GAGNON RD,Port Saint Lucie,FL,34953
5016,5004 NW MANVILLE DR,Port Saint Lucie,FL,34953
5017,53 N WATERVIEW DR,PALM COAST,FL,32137
5018,5778 BEECHWOOD TRL,FORT MYERS,FL,33919
5019,7 WALNUT PL,PALM COAST,FL,32164
5020,7405 NW Greenspring ST,Port Saint Lucie,FL,34987
5021,761 SE Autumn TER,Port Saint Lucie,FL,34953
5022,81 EMILY LN,FORT MYERS BEACH,FL,33931
5023,9257 GARDEN POINTE,FORT MYERS,FL,33908
5024,10451 SPRUCE PINE CT,FORT MYERS,FL,33913
5025,13007 NINTH ST,FORT MYERS,FL,33905
5026,138 BEACHWAY DR,PALM COAST,FL,32137
5027,15060 BRIDGEWAY LN 805,FORT MYERS,FL,33919
5028,15161 ROYAL WINDSOR LN 2602,FORT MYERS,FL,33919
5029,17462 MEADOW LAKE CIR,FORT MYERS,FL,33967
5030,1909 SW MICHELANGELO AVE,Port Saint Lucie,FL,34953
5031,2117 SE Bersell RD,Port Saint Lucie,FL,34953
5032,2217 DORA ST,FORT MYERS,FL,33901
5033,2508 SE GRAND DR,Port Saint Lucie,FL,34953
5034,2520 SE Anchorage Cove C,Port Saint Lucie,FL,34953
5035,2593 SW GROTTO CIR,Port Saint Lucie,FL,34953
5036,26 FEDERAL LN,PALM COAST,FL,32137
5037,2766 SW Ann Arbor RD,Port Saint Lucie,FL,34953
5038,2905 WINKLER AVE 702,FORT MYERS,FL,33916
5039,3079 SW LUCERNE ST,Port Saint Lucie,FL,34953
5040,313 SE Huntington CIR,Port Saint Lucie,FL,34984
5041,3541 SW VINCENNES ST,Port Saint Lucie,FL,34953
5042,361 NW TYLER AVE,Port Saint Lucie,FL,34953
5043,4341 ESTRADA DR,FORT MYERS,FL,33916
5044,504 SWEETGUM LN,PALM COAST,FL,32137
5045,53 PEPPERDINE DR,PALM COAST,FL,32164
5046,5651 HALIFAX AVE 5,FORT MYERS,FL,33912
5047,6 CHESNEY CT,PALM COAST,FL,32137
5048,63 FREEPORT LN,PALM COAST,FL,32137
5049,6360 CORPORATE PARK CIR 1,FORT MYERS,FL,33966
5050,74 BRADDOCK LN,PALM COAST,FL,32137
5051,8251 PATHFINDER LOOP 631,FORT MYERS,FL,33919
5052,8663 OLINDA WAY 7503,FORT MYERS,FL,33912
5053,10017 SKY VIEW WAY 1504,FORT MYERS,FL,33913
5054,11781 DAWN COWRIE DR,FORT MYERS,FL,33908
5055,12 CROSSTIE CT,PALM COAST,FL,32137
5056,12501 WALDEN RUN DR,FORT MYERS,FL,33913
5057,12644 SECOND ST,FORT MYERS,FL,33905
5058,13211 OAKMONT DR 3,FORT MYERS,FL,33907
5059,1381 SW Aachen AVE,Port Saint Lucie,FL,34953
5060,14650 SAGAMORE CT,FORT MYERS,FL,33908
5061,15010 PUNTA RASSA RD 204,FORT MYERS,FL,33908
5062,15941 CEMETERY RD,FORT MYERS,FL,33905
5063,17524 LAUREL VALLEY RD,FORT MYERS,FL,33967
5064,18050 WILDCAT DR,FORT MYERS,FL,33913
5065,18130 PIONEER RD,FORT MYERS,FL,33908
5066,1837 SW GATLIN BLVD,Port Saint Lucie,FL,34953
5067,202 SE THORNHILL DR,Port Saint Lucie,FL,34953
5068,213 CONSERVATORY DR,PALM COAST,FL,32137
5069,226 SW PALM COAST PKWY,PALM COAST,FL,32137
5070,2713 WEST RD,FORT MYERS,FL,33905
5071,2841/2849 2841/2849 FOWLER ST,FORT MYERS,FL,33901
5072,4 ROXBURY LN,PALM COAST,FL,32164
5073,4 HAMMOCK BEACH CIR S,PALM COAST,FL,32137
5074,44 SLOWDRIFT TN,PALM COAST,FL,32164
5075,462 NW Dover CT,Port Saint Lucie,FL,34983
5076,469 SW DOLORES AVE,Port Saint Lucie,FL,34953
5077,500 CINNAMON BEACH WAY 462,PALM COAST,FL,32137
5078,5521 BLACK PUG DR,FORT MYERS,FL,33908
5079,5976 NW Wolverine RD,Port Saint Lucie,FL,34953
5080,6847 NW JORGENSEN RD,Port Saint Lucie,FL,34953
5081,710 NW RAINBOW ST,Port Saint Lucie,FL,34953
5082,7279 BUCHANAN RD,FORT MYERS,FL,33967
5083,7404 PINE DR,FORT MYERS,FL,33967
5084,78 FRONTIER DR,PALM COAST,FL,32137
5085,848 DUQUESNE DR,FORT MYERS,FL,33919
5086,93 FULTON PL,PALM COAST,FL,32137
5087,10117 COLONIAL COUNTRY CLUB BLVD 2008,FORT MYERS,FL,33913
5088,11 PROSPECT LN,PALM COAST,FL,32164
5089,112 SE Rio Angelica,Port Saint Lucie,FL,34984
5090,12621 KENTWOOD AVE,FORT MYERS,FL,33913
5091,12831 SPENCER ST,FORT MYERS,FL,33908
5092,14 FALLS PL,PALM COAST,FL,32137
5093,14 BROOKSIDE LN,PALM COAST,FL,32137
5094,141 SE LAKEHURST DR,Port Saint Lucie,FL,34953
5095,14831 REFLECTION KEY CIR 1721,FORT MYERS,FL,33907
5096,1550 PASSAIC AVE,FORT MYERS,FL,33901
5097,1618 SE Shepard LN,Port Saint Lucie,FL,34953
5098,19465 DEVONWOOD CIR,FORT MYERS,FL,33967
5099,2090 HENDRY ST,FORT MYERS,FL,33901
5100,24 ROCKET LN,PALM COAST,FL,32164
5101,2485 SE MELON CT,Port Saint Lucie,FL,34953
5102,2622 SE MORNINGSIDE BLVD,Port Saint Lucie,FL,34953
5103,2767 LAFAYETTE ST,FORT MYERS,FL,33916
5104,2832 SE Farley RD,Port Saint Lucie,FL,34953
5105,317 NW Breezy Point Loop,Port Saint Lucie,FL,34986
5106,3418 LANA CT,FORT MYERS,FL,33905
5107,5205 NW West Piper CIR,Port Saint Lucie,FL,34986
5108,562 SE MAPLE TERR,Port Saint Lucie,FL,34953
5109,5788 N OCEAN SHORE BLVD,PALM COAST,FL,32137
5110,6011 NW FAVIAN AVE,Port Saint Lucie,FL,34953
5111,6179 ISLAND PARK CT,FORT MYERS,FL,33908
5112,66 SHORELAND DR,FORT MYERS,FL,33905
5113,6791 DANAH CT,FORT MYERS,FL,33908
5114,974 SW EUREKA AVE,Port Saint Lucie,FL,34953
5115,1 COLONY CT,PALM COAST,FL,32137
5116,11 FIRTREE LN,PALM COAST,FL,32137
5117,11 WOODFIELD DR,PALM COAST,FL,32164
5118,11822 DARCY PL,FORT MYERS,FL,33913
5119,12435 NW McGregor LN,Port Saint Lucie,FL,34987
5120,12764 NW Copper Creek DR,Port Saint Lucie,FL,34987
5121,1407 SE Colchester CIR,Port Saint Lucie,FL,34952
5122,152 SE WHITMORE DR,Port Saint Lucie,FL,34953
5123,1791 SW Advana ST,Port Saint Lucie,FL,34953
5124,19 CORAL REEF CT S,PALM COAST,FL,32137
5125,2047 MARAVILLA CIR,FORT MYERS,FL,33901
5126,2057 SE Bowie ST,Port Saint Lucie,FL,34953
5127,2225 SE SEAFURY LN,Port Saint Lucie,FL,34953
5128,2484 SE Allen ST,Port Saint Lucie,FL,34953
5129,2743 FIRST ST 1505,FORT MYERS,FL,33916
5130,2921 SE MORNINGSIDE BLVD,Port Saint Lucie,FL,34953
5131,2947 GRAND AVE,FORT MYERS,FL,33901
5132,3000 OASIS GRAND BLVD 2903,FORT MYERS,FL,33916
5133,3286 SW Cohutta ST,Port Saint Lucie,FL,34953
5134,379 VERNA AVE,FORT MYERS,FL,33908
5135,4 ATLANTIC PL,PALM COAST,FL,32137
5136,4501 SW ULETA ST,Port Saint Lucie,FL,34953
5137,532 SW Indian Key DR,Port Saint Lucie,FL,34986
5138,60 SURFVIEW DR 114,PALM COAST,FL,32137
5139,61 BIRD OF PARADISE DR,PALM COAST,FL,32137
5140,6479 NW OMEGA RD,Port Saint Lucie,FL,34953
5141,6899 ESTERO BLVD 212,FORT MYERS BEACH,FL,33931
5142,8251 PATHFINDER LOOP 611,FORT MYERS,FL,33919
5143,8451 BELLE MEADE DR,FORT MYERS,FL,33908
5144,8451 CASA DEL RIO LN,FORT MYERS,FL,33919
5145,85 AVENUE DE LA MER 403,PALM COAST,FL,32137
5146,1009 SW Dalton AVE,Port Saint Lucie,FL,34953
5147,10523 DIAMANTE WAY,FORT MYERS,FL,33913
5148,12898 KEDLESTON CIR,FORT MYERS,FL,33912
5149,13700 OSPREY DR,FORT MYERS,FL,33908
5150,1542 SW Chari AVE,Port Saint Lucie,FL,34953
5151,17 LONDON DR,PALM COAST,FL,32137
5152,17273 HIDDEN ESTATES CIR,FORT MYERS,FL,33908
5153,18120 SAN CARLOS BLVD 803,FORT MYERS BEACH,FL,33931
5154,201 NE MIDFIELD LN,Port Saint Lucie,FL,34953
5155,24 ZINNIA TRL,PALM COAST,FL,32164
5156,252 CORAL REEF CT N,PALM COAST,FL,32137
5157,2650 ESTERO BLVD 54,FORT MYERS BEACH,FL,33931
5158,29140 BRENDISI WAY 1101, NAPLES,FL,34110
5159,309 NW Alana AVE,Port Saint Lucie,FL,34986
5160,3221 CENTRAL AVE,FORT MYERS,FL,33901
5161,36 N WATERVIEW DR,PALM COAST,FL,32137
5162,4560 ESTERO BLVD 704,FORT MYERS BEACH,FL,33931
5163,461 NW Biltmore ST,Port Saint Lucie,FL,34953
5164,4813 HIDDEN HARBOUR BLVD,FORT MYERS,FL,33919
5165,5 PICKCANE LN,PALM COAST,FL,32164
5166,5248 ESTERO BLVD,FORT MYERS BEACH,FL,33931
5167,5571 NW Cruzan AVE,Port Saint Lucie,FL,34953
5168,5845 NW Corso AVE,Port Saint Lucie,FL,34953
5169,6 UNITY CT,PALM COAST,FL,32164
5170,64 RYECLIFFE DR,PALM COAST,FL,32164
5171,663 NE Timberdoodle TRL,Port Saint Lucie,FL,34983
5172,818 SE FORGAL ST,Port Saint Lucie,FL,34953
5173,917 SE LANSDOWNE AVE,Port Saint Lucie,FL,34953
5174,1158 SW Curtis ST,Port Saint Lucie,FL,34953
5175,1161 SW Coleman AVE,Port Saint Lucie,FL,34953
5176,13191 OAKMONT DR 4,FORT MYERS,FL,33907
5177,13515 EAGLE RIDGE DR 524,FORT MYERS,FL,33912
5178,13610 CATBIRD DR,FORT MYERS,FL,33908
5179,13890 WHITE GARDENIA WAY,FORT MYERS,FL,33912
5180,13970 BINGHAMPTON DR,FORT MYERS,FL,33905
5181,1422 BYRON RD,FORT MYERS,FL,33919
5182,1514 SW GADSAN AVE,Port Saint Lucie,FL,34953
5183,1572 SW TISKILWA AVE,Port Saint Lucie,FL,34953
5184,1751 SW GLADE ST,Port Saint Lucie,FL,34953
5185,20 EDITH LN,PALM COAST,FL,32164
5186,20021 SANIBEL VIEW CIR 106,FORT MYERS,FL,33908
5187,214 NE SAGAMORE TERR,Port Saint Lucie,FL,34953
5188,2369 HIGHLAND AVE,FORT MYERS,FL,33916
5189,2380 SE MANOR AVE,Port Saint Lucie,FL,34953
5190,2512 SE Anchorage Cove A-3,Port Saint Lucie,FL,34953
5191,2560 E STATE ROAD 100,PALM COAST,FL,32137
5192,26 BOSTON LN,PALM COAST,FL,32137
5193,267 BEECHWOOD LN,PALM COAST,FL,32137
5194,2712 SE MELALEUCA BLVD,Port Saint Lucie,FL,34953
5195,2855 WINKLER AVE 108,FORT MYERS,FL,33916
5196,31 ROLLINS DR,PALM COAST,FL,32137
5197,3197 SW WATSON CT,Port Saint Lucie,FL,34953
5198,3222 SE PINTO ST,Port Saint Lucie,FL,34953
5199,3257 NEW SOUTH PROVINCE BLVD 4,FORT MYERS,FL,33907
5200,343 NW Cornell AVE,Port Saint Lucie,FL,34953
5201,35 WOODSIDE DR,PALM COAST,FL,32164
5202,368 SW DONNA TERR,Port Saint Lucie,FL,34953
5203,398 SE STARFISH AVE,Port Saint Lucie,FL,34953
5204,4280 SW WHITEBREAD RD,Port Saint Lucie,FL,34953
5205,6 ROLLINS LN,PALM COAST,FL,32164
5206,63 LAGARE ST,PALM COAST,FL,32137
5207,7 AVENUE DE LA MER 606,PALM COAST,FL,32137
5208,722 SE Autumn TER,Port Saint Lucie,FL,34953
5209,7581 CAMERON CIR,FORT MYERS,FL,33912
5210,9900 TARPON KEY CT,FORT MYERS,FL,33905
5211,100 SW RIDGECREST DR,Port Saint Lucie,FL,34953
5212,10061 LAKE COVE DR 301,FORT MYERS,FL,33908
5213,117 LONDON DR,PALM COAST,FL,32137
5214,11932 SW Crestwood CIR,Port Saint Lucie,FL,34987
5215,1233 BELGRAVE ST,FORT MYERS,FL,33913
5216,12560 EQUESTRIAN CIR 1315,FORT MYERS,FL,33907
5217,1310 SE NAVAJO LN,Port Saint Lucie,FL,34953
5218,1327 FOURTH ST,FORT MYERS,FL,33905
5219,15051 PUNTA RASSA RD WS05,FORT MYERS,FL,33908
5220,1532 LINDA RD, OKEECHOBEE,FL,34974
5221,1546 SE ROYAL GREEN CIR 204,Port Saint Lucie,FL,34953
5222,159 LONDON DR,PALM COAST,FL,32137
5223,16541 HERON COACH WAY 506,FORT MYERS,FL,33908
5224,17120 BRIDGESTONE CT 303,FORT MYERS,FL,33908
5225,195 MATANZAS WOODS PKWY,PALM COAST,FL,32137
5226,2144 DAVIS ST,FORT MYERS,FL,33916
5227,2373 SW Almansa AVE,Port Saint Lucie,FL,34953
5228,2506 SE Anchorage Cove C-2,Port Saint Lucie,FL,34953
5229,29 WHETSTONE LN,PALM COAST,FL,32164
5230,3 BOSTON LN,PALM COAST,FL,32137
5231,30 LEAF LN,PALM COAST,FL,32137
5232,31 LEAVER DR,PALM COAST,FL,32137
5233,3560 MARTIN CT,FORT MYERS,FL,33916
5234,359 OTTUMWA AVE,FORT MYERS,FL,33905
5235,3984 BLENHEIM ST,FORT MYERS,FL,33919
5236,4399 SW Calah CIR,Port Saint Lucie,FL,34953
5237,4445 E RIVERSIDE DR,FORT MYERS,FL,33905
5238,5253 CEDARBEND DR 1,FORT MYERS,FL,33919
5239,6 WHITE HAVEN LN,PALM COAST,FL,32164
5240,616 NW Whitfield WAY,Port Saint Lucie,FL,34986
5241,6640 ESTERO BLVD 1202,FORT MYERS BEACH,FL,33931
5242,7784 WOODLAND BEND CIR,FORT MYERS,FL,33912
5243,8788 MIDDLEBROOK DR,FORT MYERS,FL,33908
5244,1057 SW MCCOMKLE AVE,Port Saint Lucie,FL,34953
5245,117 BLACKSTONE DR,FORT MYERS,FL,33913
5246,12366 KELLY SANDS WAY,FORT MYERS,FL,33908
5247,17130 CASSELBERRY LN,FORT MYERS,FL,33967
5248,1775 SW Newport Isles BLVD,Port Saint Lucie,FL,34953
5249,18046 SAN CARLOS BLVD 139,FORT MYERS BEACH,FL,33931
5250,220 NW Magnolia Lakes BLVD,Port Saint Lucie,FL,34986
5251,255 CONSERVATORY DR,PALM COAST,FL,32137
5252,3154 SE MONTE VISTA CT,Port Saint Lucie,FL,34953
5253,3517 STUART CT,FORT MYERS,FL,33901
5254,3542 SW MARGELA ST,Port Saint Lucie,FL,34953
5255,3632 PINE OAK CIR 107,FORT MYERS,FL,33916
5256,4 WHITTIER LN,PALM COAST,FL,32164
5257,52 LAKE FOREST PL,PALM COAST,FL,32137
5258,5640 FOURTH AVE,FORT MYERS,FL,33907
5259,6044 NW TELFORD AVE,Port Saint Lucie,FL,34953
5260,6220 AUGUSTA DR 409,FORT MYERS,FL,33907
5261,68 FLEMING CT,PALM COAST,FL,32137
5262,711 ARUNDEL CIR,FORT MYERS,FL,33913
5263,7400 ESTERO BLVD 303,FORT MYERS BEACH,FL,33931
5264,878 ZANA DR,FORT MYERS,FL,33905
5265,9627 EATON GARDENS LN 101,FORT MYERS,FL,33919
5266,1 WAYMAN PL,PALM COAST,FL,32164
5267,101 JUNGLE HUT RD,PALM COAST,FL,32137
5268,10370 GLASTONBURY CIR 102,FORT MYERS,FL,33913
5269,11051 BALLWEG LN,FORT MYERS,FL,33908
5270,12841 TERABELLA WAY,FORT MYERS,FL,33912
5271,13011 CROSS CREEK BLVD 1284,FORT MYERS,FL,33912
5272,1382 SW SUDDER AVE,Port Saint Lucie,FL,34953
5273,14129 MINDELLO DR,FORT MYERS,FL,33905
5274,14471 LAKEWOOD TRACE CT 201,FORT MYERS,FL,33919
5275,1524 SE ROYAL GREEN CIR 104,Port Saint Lucie,FL,34953
5276,1902 SW LEAFY RD,Port Saint Lucie,FL,34953
5277,1911 SW MODLA CT,Port Saint Lucie,FL,34953
5278,19157 BIRCH RD,FORT MYERS,FL,33967
5279,1984 SE High Springs DR,Port Saint Lucie,FL,34952
5280,2090 W FIRST ST F2606,FORT MYERS,FL,33901
5281,2149 SW LARCHMONT LN,Port Saint Lucie,FL,34953
5282,2343 SW NAOMI AVE,Port Saint Lucie,FL,34953
5283,257 SW BECKER RD,Port Saint Lucie,FL,34953
5284,338 SE Crosspoint DR,Port Saint Lucie,FL,34953
5285,353 NW Treeline Trace,Port Saint Lucie,FL,34986
5286,4 ELLSWORTH DR,PALM COAST,FL,32164
5287,4 WINSLOW PL,PALM COAST,FL,32164
5288,465 NE Cornwall AVE,Port Saint Lucie,FL,34953
5289,4790 S CLEVELAND AVE 1503,FORT MYERS,FL,33907
5290,4883 PALM COAST PKWY NW 1602,PALM COAST,FL,32137
5291,530 SW SARA BLVD,Port Saint Lucie,FL,34953
5292,612 SW Indian Key DR,Port Saint Lucie,FL,34986
5293,9 KAINITE PL,PALM COAST,FL,32164
5294,1 BUTTERFIELD DR,PALM COAST,FL,32137
5295,104 PALMWOOD DR,PALM COAST,FL,32164
5296,11620 BLUE WARBLER DR,FORT MYERS,FL,33908
5297,11951 FIVE WATERS CIR,FORT MYERS,FL,33913
5298,12 HEMBURY LN,PALM COAST,FL,32137
5299,12431 SW Weeping Willow AVE,Port Saint Lucie,FL,34987
5300,1428 PARK SHORE CIR 1,FORT MYERS,FL,33901
5301,14551 LEGENDS BLVD N 105,FORT MYERS,FL,33912
5302,160 CYPRESS POINT PKWY D108,PALM COAST,FL,32164
5303,161 NW Magnolia Lakes BLVD,Port Saint Lucie,FL,34986
5304,1654 SE TRUMPET LN,Port Saint Lucie,FL,34953
5305,166 SW Peacock BLVD 34-201,Port Saint Lucie,FL,34986
5306,1680 SW HERDER ST,Port Saint Lucie,FL,34953
5307,18669 TANGERINE RD,FORT MYERS,FL,33967
5308,2030 W FIRST ST,FORT MYERS,FL,33901
5309,27 BECKER LN,PALM COAST,FL,32137
5310,27 FORTUNE LN,PALM COAST,FL,32137
5311,4 POPPY LN,PALM COAST,FL,32164
5312,42 CLOVERDALE CT N,PALM COAST,FL,32137
5313,6 FLAMINGO DR,PALM COAST,FL,32137
5314,614 SE RON RICO TERR,Port Saint Lucie,FL,34953
5315,7 RAINSTONE LN,PALM COAST,FL,32164
5316,7274 SUGAR PALM CT,FORT MYERS,FL,33966
5317,751 SE MAJESTIC TERR,Port Saint Lucie,FL,34953
5318,771-777 771-777 ADAMS AVE,FORT MYERS,FL,33905
5319,8306 SUMNER AVE,FORT MYERS,FL,33908
5320,8340 CHARTER CLUB CIR 9,FORT MYERS,FL,33919
5321,8955 ELLINGTON ST,FORT MYERS,FL,33907
5322,9330 OLD HICKORY CIR,FORT MYERS,FL,33912
5323,952 SE Damask AVE,Port Saint Lucie,FL,34953
5324,10039 CHIANA CIR,FORT MYERS,FL,33905
5325,10234 SW Newberry AVE,Port Saint Lucie,FL,34987
5326,112 PRINCE ERIC LN,PALM COAST,FL,32164
5327,11270 POND CYPRESS ST,FORT MYERS,FL,33913
5328,11891 SW Crestwood CIR,Port Saint Lucie,FL,34987
5329,1265 SW FLETCHER LN,Port Saint Lucie,FL,34953
5330,12870 DEVONSHIRE LAKES CIR,FORT MYERS,FL,33913
5331,14730 OLDE MILLPOND CT,FORT MYERS,FL,33908
5332,15 SCARLET OAK CIR,PALM COAST,FL,32137
5333,163 MIDWAY DR,PALM COAST,FL,32164
5334,1688 SE DURANGO ST,Port Saint Lucie,FL,34953
5335,171 SW SEA LION RD,Port Saint Lucie,FL,34953
5336,20 LAKE PLACID LN,PALM COAST,FL,32137
5337,2111 BARKELEY LN 19,FORT MYERS,FL,33907
5338,2141 SW JAGUAR AVE,Port Saint Lucie,FL,34953
5339,24 RADIUM LN,PALM COAST,FL,32164
5340,3 SURREY CT,PALM COAST,FL,32137
5341,3 KALE CT,PALM COAST,FL,32164
5342,34 FLEETWOOD DR,PALM COAST,FL,32137
5343,3673 SW VINCENNES ST,Port Saint Lucie,FL,34953
5344,368 SW Egret Landing,Port Saint Lucie,FL,34953
5345,37 PRINCESS DOLORES LN,PALM COAST,FL,32164
5346,4501 SW WABASH ST,Port Saint Lucie,FL,34953
5347,5545 WHISPERING WILLOW WAY,FORT MYERS,FL,33908
5348,5558 PALM BEACH BLVD 119,FORT MYERS,FL,33905
5349,6784 HIGHLAND PINES CIR,FORT MYERS,FL,33966
5350,679 NW SAN REMO CIR,Port Saint Lucie,FL,34986
5351,8961 RAILS END CT,FORT MYERS,FL,33919
5352,10 CRANDON CT,PALM COAST,FL,32137
5353,12750 GLADSTONE WAY,FORT MYERS,FL,33913
5354,1284 NW Leonardo CIR,Port Saint Lucie,FL,34986
5355,13 FARRAGUT DR,PALM COAST,FL,32137
5356,13 WHITE DEER LN,PALM COAST,FL,32164
5357,14516 NEW HAMPTON PL,FORT MYERS,FL,33912
5358,14534 CYPRESS TRACE CT,FORT MYERS,FL,33919
5359,1684 SE GREEN ACRES CIR HH104,Port Saint Lucie,FL,34953
5360,1738 SE Aires LN,Port Saint Lucie,FL,34953
5361,18016 SAN CARLOS BLVD 47,FORT MYERS BEACH,FL,33931
5362,18540 WINTER HAVEN RD,FORT MYERS,FL,33967
5363,2 VIA BELLANO,PALM COAST,FL,32137
5364,2115 CRAWFORD ST,FORT MYERS,FL,33901
5365,23 WHITE DEER LN,PALM COAST,FL,32164
5366,24 ARMAND BEACH DR,PALM COAST,FL,32137
5367,2745 FIRST ST 102,FORT MYERS,FL,33916
5368,2797 FIRST ST 1204,FORT MYERS,FL,33916
5369,4457 SW Yamada DR,Port Saint Lucie,FL,34953
5370,4613 SW GALAXIE ST,Port Saint Lucie,FL,34953
5371,4862 NW IRRINGTON TERR,Port Saint Lucie,FL,34953
5372,522 CINNAMON BEACH LN,PALM COAST,FL,32137
5373,5240 BANK ST 6,FORT MYERS,FL,33907
5374,6047 JONATHAN AVE,FORT MYERS,FL,33905
5375,6111 DEER RUN,FORT MYERS,FL,33908
5376,6899 ESTERO BLVD 264,FORT MYERS BEACH,FL,33931
5377,7360 ESTERO BLVD 1004,FORT MYERS BEACH,FL,33931
5378,8056 QUEEN PALM LN 627,FORT MYERS,FL,33966
5379,8996 BAYTOWNE LOOP,FORT MYERS,FL,33908
5380,9069 IRVING RD,FORT MYERS,FL,33967
5381,9180 SOUTHMONT CV 108,FORT MYERS,FL,33908
5382,9692 SW Flowermound CIR,Port Saint Lucie,FL,34987
5383,1154 ROSE AVE,FORT MYERS,FL,33916
5384,1257 SW MANCUSO AVE,Port Saint Lucie,FL,34953
5385,128 LARAMIE DR,PALM COAST,FL,32137
5386,133 SW Covington RD,Port Saint Lucie,FL,34953
5387,141 SW BECKER RD,Port Saint Lucie,FL,34953
5388,1422 HUNTER RD, OKEECHOBEE,FL,34974
5389,1429 SAUTERN DR,FORT MYERS,FL,33919
5390,1533 SE Cambridge DR,Port Saint Lucie,FL,34953
5391,164 SW Airview AVE,Port Saint Lucie,FL,34953
5392,16856/860 16856/860 JACARANDA DR,FORT MYERS,FL,33908
5393,17781 REBECCA AVE,FORT MYERS BEACH,FL,33931
5394,17910 PALM CIR,FORT MYERS BEACH,FL,33931
5395,1931 SW NOTRE DAME AVE,Port Saint Lucie,FL,34953
5396,19681 SUMMERLIN RD 20,FORT MYERS,FL,33908
5397,2037 SW SAVAGE BLVD,Port Saint Lucie,FL,34953
5398,24 WELLING LN,PALM COAST,FL,32164
5399,2409 SW FALCON CIR,Port Saint Lucie,FL,34953
5400,2822 SE TATE CT,Port Saint Lucie,FL,34953
5401,2943/2945 2943/2945 BROADWAY,FORT MYERS,FL,33901
5402,34 FARMSWORTH DR,PALM COAST,FL,32137
5403,3781 CROFTON CT,FORT MYERS,FL,33916
5404,3900 ELLIS RD,FORT MYERS,FL,33905
5405,406 BUENA VISTA BLVD,FORT MYERS,FL,33905
5406,4109 BELLASOL CIR 1122,FORT MYERS,FL,33916
5407,4384 BOWSPRIT CT 2A,FORT MYERS,FL,33919
5408,5776 NW Belwood CIR,Port Saint Lucie,FL,34953
5409,5858 NW ETHEL CT,Port Saint Lucie,FL,34953
5410,6108 WHISKEY CREEK DR 108,FORT MYERS,FL,33919
5411,641 SW VERONICA AVE,Port Saint Lucie,FL,34953
5412,666 SW DUVAL AVE,Port Saint Lucie,FL,34953
5413,7210 KUMQUAT RD,FORT MYERS,FL,33967
5414,801 SE EVERGREEN TERR,Port Saint Lucie,FL,34953
5415,8751 ESTERO BLVD 802,FORT MYERS BEACH,FL,33931
5416,11027 LAKELAND CIR,FORT MYERS,FL,33913
5417,11078 LAKELAND CIR,FORT MYERS,FL,33913
5418,12555 COCONUT DR,FORT MYERS,FL,33908
5419,1356 SW Adcock AVE,Port Saint Lucie,FL,34953
5420,139 RAE DR,PALM COAST,FL,32164
5421,144 SW Amesbury AVE,Port Saint Lucie,FL,34953
5422,1464 SE Colchester CIR,Port Saint Lucie,FL,34952
5423,17 MEDFORD DR,PALM COAST,FL,32137
5424,1710 HUNTER RD, OKEECHOBEE,FL,34974
5425,1937 SE REDWING CIR,Port Saint Lucie,FL,34953
5426,2102 SE GRAND DR,Port Saint Lucie,FL,34952
5427,2140 SIMON CT,FORT MYERS,FL,33916
5428,229 BEECHWOOD LN,PALM COAST,FL,32137
5429,2292 SE MANOR AVE,Port Saint Lucie,FL,34953
5430,2376 SW Abalon CIR,Port Saint Lucie,FL,34953
5431,2457 SE Delano RD,Port Saint Lucie,FL,34953
5432,324 SW BECKER RD,Port Saint Lucie,FL,34953
5433,3902 SW Darwin BLVD,Port Saint Lucie,FL,34953
5434,4956 STEWARD DR,FORT MYERS,FL,33905
5435,5317 SUMMERLIN RD 1712,FORT MYERS,FL,33919
5436,538 NW Azalea AVE,Port Saint Lucie,FL,34953
5437,5425 PARKER DR,FORT MYERS,FL,33919
5438,5809 NEWFOUNDLAND CIR 2,FORT MYERS,FL,33907
5439,758 SW PARKER AVE,Port Saint Lucie,FL,34953
5440,781 NE LANFAIR ST,Port Saint Lucie,FL,34953
5441,8461 CORAL DR,FORT MYERS,FL,33967
5442,9166 ASTONIA WAY,FORT MYERS,FL,33967
5443,103 SE Via Bisento,Port Saint Lucie,FL,34952
5444,10650 ESSEX SQUARE BLVD,FORT MYERS,FL,33913
5445,1079 SE LANSDOWNE AVE,Port Saint Lucie,FL,34953
5446,11936 IZARRA WAY 6606,FORT MYERS,FL,33912
5447,1240 BROOKPARK AVE,FORT MYERS,FL,33913
5448,12629 COCONUT CREEK CT,FORT MYERS,FL,33908
5449,13126 FEATHER SOUND DR 316,FORT MYERS,FL,33919
5450,14551 SHERBROOK PL 302,FORT MYERS,FL,33912
5451,14764 OLDE MILLPOND CT,FORT MYERS,FL,33908
5452,1538 SW Calmar AVE,Port Saint Lucie,FL,34953
5453,1576 SW HARBOUR ISLES CIR 71,Port Saint Lucie,FL,34986
5454,17500 BRENTWOOD CT,FORT MYERS,FL,33967
5455,18208 PHLOX DR,FORT MYERS,FL,33967
5456,1842 SE VESTHAVEN CT,Port Saint Lucie,FL,34953
5457,19 AVENUE DE LA MER 701,PALM COAST,FL,32137
5458,2180 SW Cameo BLVD,Port Saint Lucie,FL,34953
5459,23 FAIRMONT LN,PALM COAST,FL,32137
5460,2799 SE East Blackwell DR,Port Saint Lucie,FL,34953
5461,2802 SE EAGLE DR,Port Saint Lucie,FL,34953
5462,337 SE HUSTED TERR,Port Saint Lucie,FL,34953
5463,3524 KATHERINE ST,FORT MYERS,FL,33916
5464,3819 N OCEAN SHORE BLVD,PALM COAST,FL,32137
5465,3834 HOPEVALE ST,FORT MYERS,FL,33905
5466,3849 ARNOLD DR,FORT MYERS,FL,33916
5467,4025 SANDLEWOOD LN 3,FORT MYERS,FL,33907
5468,4038 SW MCINTOSH ST,Port Saint Lucie,FL,34953
5469,4280 ELWOOD RD,FORT MYERS,FL,33908
5470,4538 AMANDA LN,FORT MYERS,FL,33905
5471,540 NW Mercantile PL,Port Saint Lucie,FL,34986
5472,743 SW Munjack CIR,Port Saint Lucie,FL,34986
5473,7450 BEAR HOLLOW CIR,FORT MYERS,FL,33967
5474,8788 FAWN RIDGE DR,FORT MYERS,FL,33912
5475,1061 SW SUDDER AVE,Port Saint Lucie,FL,34953
5476,11004 MILL CREEK WAY 1901,FORT MYERS,FL,33913
5477,112 SW Peacock BLVD 7-105,Port Saint Lucie,FL,34986
5478,11360 LONGWATER CHASE CT,FORT MYERS,FL,33908
5479,12940 EXPRESS CT B6,FORT MYERS,FL,33913
5480,1326 SANDTRAP DR,FORT MYERS,FL,33919
5481,14000 EAGLE RIDGE LAKES DR 202,FORT MYERS,FL,33912
5482,14194 PLUM ISLAND DR,FORT MYERS,FL,33919
5483,14650 EAGLE RIDGE DR 242,FORT MYERS,FL,33912
5484,16655 LAKE CIRCLE DR 847,FORT MYERS,FL,33908
5485,1752 SW Anderson ST,Port Saint Lucie,FL,34953
5486,19920 ADAMS RD,FORT MYERS,FL,33908
5487,219 NW ST JAMES DR,Port Saint Lucie,FL,34953
5488,2232 ALTAMONT AVE,FORT MYERS,FL,33901
5489,235 PINE GROVE DR,PALM COAST,FL,32164
5490,24 RICHLAND LN,PALM COAST,FL,32164
5491,3040 PALM AVE,FORT MYERS,FL,33901
5492,3380 BROZAS CT,FORT MYERS,FL,33905
5493,47 RAEMOOR DR,PALM COAST,FL,32164
5494,4875 CEDAR HAMMOCK CT,FORT MYERS,FL,33905
5495,519 NW Billiar AVE,Port Saint Lucie,FL,34953
5496,5272 GLENLIVET RD,FORT MYERS,FL,33907
5497,5275 NW West Lovett CIR,Port Saint Lucie,FL,34986
5498,5736 SANDPIPER PL,FORT MYERS,FL,33919
5499,68 BRUCE LN,PALM COAST,FL,32137
5500,8961 DANIELS CENTER DR 407,FORT MYERS,FL,33912
5501,10 SELWYN PL,PALM COAST,FL,32164
5502,10336 SW Indian Lilac TRL,Port Saint Lucie,FL,34987
5503,11 PRESTON LN,PALM COAST,FL,32164
5504,11681 DWARF GINSENG DR,FORT MYERS,FL,33908
5505,1325 WALES DR,FORT MYERS,FL,33901
5506,13770 JULIAS WAY 1112,FORT MYERS,FL,33919
5507,14371 HARBOUR LANDINGS DR 3C,FORT MYERS,FL,33908
5508,14880 SUMMERLIN WOODS DR 12,FORT MYERS,FL,33919
5509,156 SW FAIRCHILD AVE,Port Saint Lucie,FL,34953
5510,17121 TERRAVERDE CIR 10,FORT MYERS,FL,33908
5511,18483 EASTSHORE DR,FORT MYERS,FL,33967
5512,2142 DAVIS ST,FORT MYERS,FL,33916
5513,29 LYTTON LN,PALM COAST,FL,32137
5514,3 ELLINGTON DR,PALM COAST,FL,32164
5515,3120 SW ESPERANTO ST,Port Saint Lucie,FL,34953
5516,3236 SOUTH ST,FORT MYERS,FL,33916
5517,3348/3350 3348/3350 E RIVERSIDE DR,FORT MYERS,FL,33916
5518,344 NW LA PLAYA ST,Port Saint Lucie,FL,34983
5519,4626 SW Babylon ST,Port Saint Lucie,FL,34953
5520,57 POINT OF WOODS DR,PALM COAST,FL,32164
5521,6775 OVERLOOK DR,FORT MYERS,FL,33919
5522,774 SE WEST VIRGINIA DR,Port Saint Lucie,FL,34953
5523,80 SURFVIEW DR 101,PALM COAST,FL,32137
5524,8036 BRETON CIR,FORT MYERS,FL,33912
5525,8113 BRETON CIR,FORT MYERS,FL,33912
5526,8320 WHISKEY PRESERVE CIR 344,FORT MYERS,FL,33919
5527,86 KARAS TRL,PALM COAST,FL,32164
5528,9168 FRANK RD,FORT MYERS,FL,33967
5529,1122 SW JENNIFER TERR,Port Saint Lucie,FL,34953
5530,11530 AXIS DEER LN,FORT MYERS,FL,33966
5531,11796 MEADOWRUN CIR,FORT MYERS,FL,33913
5532,11887 KEMENA ST,FORT MYERS,FL,33912
5533,1236 MYERLEE COUNTRY CLUB BLVD 2,FORT MYERS,FL,33919
5534,1412 PARK SHORE CIR 1,FORT MYERS,FL,33901
5535,1426 SW California BLVD,Port Saint Lucie,FL,34953
5536,15050 ELDERBERRY LN,FORT MYERS,FL,33907
5537,1574 SW FRESNO RD,Port Saint Lucie,FL,34953
5538,16090 DUBLIN CIR,FORT MYERS BEACH,FL,33931
5539,16460 TIMBERLAKES DR 102,FORT MYERS,FL,33908
5540,17485 OLD HARMONY DR 202,FORT MYERS,FL,33908
5541,18 SEA GREEN PATH,PALM COAST,FL,32164
5542,19 AVENUE DE LA MER 301,PALM COAST,FL,32137
5543,28 EDITH POPE DR,PALM COAST,FL,32164
5544,290 CAROLINA AVE,FORT MYERS BEACH,FL,33931
5545,3017 SE Darien RD,Port Saint Lucie,FL,34953
5546,3646 PINE OAK CIR 107,FORT MYERS,FL,33916
5547,40 WHIPPOORWILL DR,PALM COAST,FL,32164
5548,4621 UNDERWOOD DR,FORT MYERS,FL,33905
5549,5 WAINWRIGHT PL,PALM COAST,FL,32164
5550,6023 LANGDON AVE,FORT MYERS,FL,33905
5551,6144 NW Argyll LN,Port Saint Lucie,FL,34983
5552,693 SW NICHOLS TERR,Port Saint Lucie,FL,34953
5553,711 ESTERO BLVD 7,FORT MYERS BEACH,FL,33931
5554,8931 BAYTOWNE LOOP,FORT MYERS,FL,33908
5555,10074 PARKWOOD DR,FORT MYERS,FL,33905
5556,11340 PASEO DR,FORT MYERS,FL,33912
5557,12600 WORLD PLAZA LN,FORT MYERS,FL,33907
5558,14661-091 14661-091 PALM BEACH BLVD,FORT MYERS,FL,33905
5559,15225 CORAL ISLE CT,FORT MYERS,FL,33919
5560,15561 LOCKMABEN AVE,FORT MYERS,FL,33912
5561,16131 MOUNT ABBEY WAY 102,FORT MYERS,FL,33908
5562,1698 SE Berkshire BLVD,Port Saint Lucie,FL,34953
5563,2306 WOODLAND BLVD,FORT MYERS,FL,33907
5564,27 ST ANDREWS CT,PALM COAST,FL,32137
5565,4120 STEAMBOAT BEND EAST 501,FORT MYERS,FL,33919
5566,489 SW David Terr,Port Saint Lucie,FL,34953
5567,508 SE Fascino CIR,Port Saint Lucie,FL,34984
5568,522 SE NOME DR,Port Saint Lucie,FL,34953
5569,53 EASTWOOD DR,PALM COAST,FL,32164
5570,821 SW DURHAM TERR,Port Saint Lucie,FL,34953
5571,83 LINDSAY DR,PALM COAST,FL,32137
5572,8783 BANYAN COVE CIR,FORT MYERS,FL,33919
5573,10501 WINE PALM RD,FORT MYERS,FL,33966
5574,11009 MILL CREEK WAY 1402,FORT MYERS,FL,33913
5575,11047 LONGWING DR,FORT MYERS,FL,33912
5576,11268 REFLECTION ISLES BLVD,FORT MYERS,FL,33912
5577,1212 SE NANCY LN,Port Saint Lucie,FL,34953
5578,1255 TOWN CENTER BLVD,PALM COAST,FL,32164
5579,12640 KENWOOD LN C,FORT MYERS,FL,33907
5580,14 LOUISVILLE DR,PALM COAST,FL,32137
5581,1402 SW LEISURE LN,Port Saint Lucie,FL,34953
5582,16 FOLCROFT LN,PALM COAST,FL,32137
5583,1618 SE MANSFIELD ST,Port Saint Lucie,FL,34953
5584,162 SW Peacock BLVD 32-101,Port Saint Lucie,FL,34986
5585,16280 EDGEMONT DR,FORT MYERS,FL,33908
5586,1801 SW Dalmatian AVE,Port Saint Lucie,FL,34953
5587,2213 PARKER AVE,FORT MYERS,FL,33905
5588,22835 TINAS LN,FORT MYERS,FL,33913
5589,24 SEA FLOWER PATH,PALM COAST,FL,32164
5590,332 NE Cullman CT,Port Saint Lucie,FL,34953
5591,3632 SW VOYAGER ST,Port Saint Lucie,FL,34953
5592,3722 STONERIDGE CT,FORT MYERS,FL,33908
5593,38 BARRINGTON DR,PALM COAST,FL,32137
5594,42 PRINCETON LN,PALM COAST,FL,32164
5595,4335 SKATES CIR,FORT MYERS,FL,33905
5596,4386 JIB BOOM CT 2A,FORT MYERS,FL,33919
5597,4844 NW North Macedo BLVD,Port Saint Lucie,FL,34953
5598,491 SW Carmelite ST,Port Saint Lucie,FL,34953
5599,5513 BLACK PUG DR,FORT MYERS,FL,33908
5600,7328 CONSTITUTION CIR,FORT MYERS,FL,33967
5601,9 SEDGEFIELD PATH N,PALM COAST,FL,32164
5602,10420 WINE PALM RD 5415,FORT MYERS,FL,33966
5603,1064 ELM ST, OKEECHOBEE,FL,34974
5604,108 SW EYERLY AVE,Port Saint Lucie,FL,34953
5605,113 MAPLE LN,FORT MYERS,FL,33908
5606,1215 BRAMAN AVE,FORT MYERS,FL,33901
5607,12472 GREEN STONE CT,FORT MYERS,FL,33913
5608,13 BLASDELL CT,PALM COAST,FL,32137
5609,13 PRINCESS ROSE DR,PALM COAST,FL,32164
5610,13269 HEATHER RIDGE LOOP,FORT MYERS,FL,33966
5611,14124 MINDELLO DR,FORT MYERS,FL,33905
5612,1443 SW South Macedo BLVD,Port Saint Lucie,FL,34953
5613,153 SE Strada Cervaro,Port Saint Lucie,FL,34952
5614,190 WESTHAMPTON DR,PALM COAST,FL,32164
5615,19034 SW Positano WAY,Port Saint Lucie,FL,34986
5616,200 ESTERO BLVD G05,FORT MYERS BEACH,FL,33931
5617,2015 DUPREE ST,FORT MYERS,FL,33916
5618,2249 SE LUCAYA ST,Port Saint Lucie,FL,34953
5619,26 SEDGWICK TRL,PALM COAST,FL,32164
5620,29080 MARCELLO WAY, NAPLES,FL,34110
5621,31 RYBAR LN,PALM COAST,FL,32164
5622,324 BEACHWAY DR,PALM COAST,FL,32137
5623,343 NW Camrose ST,Port Saint Lucie,FL,34953
5624,368 KINGSTON DR E,FORT MYERS,FL,33905
5625,4 WAKEFIELD PL,PALM COAST,FL,32164
5626,635 SW Backert AVE,Port Saint Lucie,FL,34953
5627,66 EAGLE HARBOR TRL,PALM COAST,FL,32164
5628,6732 WILLOW LAKE CIR,FORT MYERS,FL,33966
5629,683 NW Stanford LN,Port Saint Lucie,FL,34983
5630,9068 CYPRESS DR S,FORT MYERS,FL,33967
5631,91 LAGARE ST,PALM COAST,FL,32137
5632,1025 SW JACQUELINE AVE,Port Saint Lucie,FL,34953
5633,11 CRAMPTON CT,PALM COAST,FL,32137
5634,11045 HARBOUR YACHT CT 1,FORT MYERS,FL,33908
5635,124 WOOD HAVEN DR,PALM COAST,FL,32164
5636,12665 NW Milestone PL,Port Saint Lucie,FL,34987
5637,1267 CARLENE AVE,FORT MYERS,FL,33901
5638,12802 ASTON OAKS DR,FORT MYERS,FL,33912
5639,12980 KELLY GREENS BLVD,FORT MYERS,FL,33908
5640,14 PALM LEAF LN,PALM COAST,FL,32164
5641,143 PRITCHARD DR,PALM COAST,FL,32164
5642,16211 CATHY CT,FORT MYERS,FL,33908
5643,20 ELLINGTON DR,PALM COAST,FL,32164
5644,2307 SE Avalon RD,Port Saint Lucie,FL,34953
5645,2501 SW Cain ST,Port Saint Lucie,FL,34953
5646,2980 MEADOW AVE,FORT MYERS,FL,33901
5647,3 REGINA LN,PALM COAST,FL,32164
5648,3 KANSAS PATH,PALM COAST,FL,32164
5649,3085 ROYAL PALM AVE,FORT MYERS,FL,33901
5650,3120 ST CHARLES ST,FORT MYERS,FL,33916
5651,3349 SW FRANKFORD ST,Port Saint Lucie,FL,34953
5652,34 WHEELING LN,PALM COAST,FL,32164
5653,3699 HYDE PARK CT,FORT MYERS,FL,33908
5654,37 RENWORTH LN,PALM COAST,FL,32164
5655,374 NW Foursome LN,Port Saint Lucie,FL,34986
5656,38 NEW WATER OAK DR,PALM COAST,FL,32137
5657,3824 HEYBURN ST,FORT MYERS,FL,33905
5658,40 BURNING BUSH DR,PALM COAST,FL,32137
5659,4497 LITTLE RIVER LN,FORT MYERS,FL,33905
5660,47 BURNSIDE DR,PALM COAST,FL,32137
5661,501 SE SEAHOUSE DR,Port Saint Lucie,FL,34953
5662,505 NW PORTOFINO LN,Port Saint Lucie,FL,34986
5663,6 RAE DR,PALM COAST,FL,32164
5664,632 SW Colleen AVE,Port Saint Lucie,FL,34953
5665,6330 ARAGON WAY 206,FORT MYERS,FL,33966
5666,714 SW LAKEHURST DR,Port Saint Lucie,FL,34953
5667,10874 MAITLAND WAY,FORT MYERS,FL,33913
5668,11704 MEADOWRUN CIR,FORT MYERS,FL,33913
5669,12520 COLD STREAM DR 202,FORT MYERS,FL,33912
5670,12546 FLAMINGO DR,FORT MYERS,FL,33908
5671,15 ETHEL LN,PALM COAST,FL,32164
5672,1530 SE Blockton AVE,Port Saint Lucie,FL,34953
5673,1541 SW DYCUS AVE,Port Saint Lucie,FL,34953
5674,15890 DORTH CIR,FORT MYERS,FL,33908
5675,1779 SW Via Laura,Port Saint Lucie,FL,34953
5676,18 UTHORNE PL,PALM COAST,FL,32164
5677,2362/2364 2362/2364 WILLARD ST,FORT MYERS,FL,33901
5678,25 WINCHESTER PL,PALM COAST,FL,32164
5679,2614 DR ELLA PIPER WAY,FORT MYERS,FL,33916
5680,2940 WALPEAR ST,FORT MYERS,FL,33916
5681,3324 HANDY CT,FORT MYERS,FL,33916
5682,3408 SW FASHODA ST,Port Saint Lucie,FL,34953
5683,349 NW Broadview ST,Port Saint Lucie,FL,34953
5684,357 SW Quiet Woods,Port Saint Lucie,FL,34953
5685,445 NW Concord DR,Port Saint Lucie,FL,34953
5686,533 SE THORNHILL DR,Port Saint Lucie,FL,34953
5687,547 SE Cliff RD,Port Saint Lucie,FL,34953
5688,5495 NW THYER CIR,Port Saint Lucie,FL,34953
5689,5827 NW Dooley CIR,Port Saint Lucie,FL,34953
5690,725 SE PORT ST LUCIE BLVD,Port Saint Lucie,FL,34953
5691,8975 WATER TUPELO RD,FORT MYERS,FL,33912
5692,9 WAYSTONE PL,PALM COAST,FL,32164
5693,10258 SAGO PALM WAY,FORT MYERS,FL,33966
5694,10527 WASHINGTONIA PALM WAY 4016,FORT MYERS,FL,33966
5695,10661 SW Westlawn BLVD,Port Saint Lucie,FL,34987
5696,12404 CROOKED CREEK LN,FORT MYERS,FL,33913
5697,12720 CHARDON CT,FORT MYERS,FL,33912
5698,1291 LAKE DR W, OKEECHOBEE,FL,34974
5699,1314 BRADFORD RD,FORT MYERS,FL,33901
5700,13780 JULIAS WAY 1012,FORT MYERS,FL,33919
5701,1426 PARK SHORE CIR 1,FORT MYERS,FL,33901
5702,14754 OSPREY POINT DR,FORT MYERS,FL,33908
5703,1725 SW MCALLISTER LN,Port Saint Lucie,FL,34953
5704,1828 PINE VALLEY DR 206,FORT MYERS,FL,33907
5705,2 BRISTOL LN,PALM COAST,FL,32137
5706,20 COVINGTON LN,PALM COAST,FL,32137
5707,280 HARBOR VILLAGE PT,PALM COAST,FL,32137
5708,2811 SE PERU ST,Port Saint Lucie,FL,34953
5709,3 FAIRMONT LN,PALM COAST,FL,32137
5710,3100 SE PRUITT RD 303,Port Saint Lucie,FL,34953
5711,3708 DELEON ST,FORT MYERS,FL,33901
5712,5211 SILK OAK AVE,FORT MYERS,FL,33905
5713,5426 HARBOUR CASTLE DR,FORT MYERS,FL,33907
5714,5536/5538 5536/5538 FIRST AVE,FORT MYERS,FL,33907
5715,6039 LACOTA AVE,FORT MYERS,FL,33905
5716,728 SE Arton LN,Port Saint Lucie,FL,34953
5717,7451 BELLA LAGO DR 143,FORT MYERS BEACH,FL,33931
5718,7503 KEY DEER CT,FORT MYERS,FL,33966
5719,938 SW Cecil LN,Port Saint Lucie,FL,34953
5720,9831 MAINSAIL CT,FORT MYERS,FL,33919
5721,11 CLUB HOUSE DR,PALM COAST,FL,32137
5722,1238 LOGAN LN,FORT MYERS,FL,33919
5723,13217/219 13217/219 FIRST ST,FORT MYERS,FL,33905
5724,142 FENIMORE LN,PALM COAST,FL,32137
5725,1431 SE PITCHER RD,Port Saint Lucie,FL,34953
5726,15 KAFFIR LILY PL,PALM COAST,FL,32164
5727,1553 SE PITCHER RD,Port Saint Lucie,FL,34953
5728,1700 SE HILLMOOR DR,Port Saint Lucie,FL,34953
5729,1989 SW MONTERREY LN,Port Saint Lucie,FL,34953
5730,2049 SE STONECROP ST,Port Saint Lucie,FL,34953
5731,2250 SE FRIENDSHIP ST,Port Saint Lucie,FL,34953
5732,2299 SE RAINIER RD,Port Saint Lucie,FL,34953
5733,2398 SE PATIO CIR,Port Saint Lucie,FL,34953
5734,3981 SW Cheribon ST,Port Saint Lucie,FL,34953
5735,4681 SW Athena DR,Port Saint Lucie,FL,34953
5736,49 FENWICK LN,PALM COAST,FL,32137
5737,5120 NW NEWARK LN,Port Saint Lucie,FL,34953
5738,518 SW VIOLET AVE,Port Saint Lucie,FL,34953
5739,5319 SUMMERLIN RD 1912,FORT MYERS,FL,33919
5740,5530 NW LIGON CIR,Port Saint Lucie,FL,34953
5741,6668 PALMERSTON DR,FORT MYERS,FL,33966
5742,7344 PEBBLE BEACH RD,FORT MYERS,FL,33967
5743,9 RANDOM PL,PALM COAST,FL,32164
5744,9256 RIVER OTTER DR,FORT MYERS,FL,33912
5745,1 ROYAL OAK DR,PALM COAST,FL,32164
5746,10241 NIGHTWOOD DR,FORT MYERS,FL,33905
5747,1033 SW Alcantarra BLVD,Port Saint Lucie,FL,34953
5748,10720 SW Westlawn BLVD,Port Saint Lucie,FL,34953
5749,10830 SANDIN RD,FORT MYERS,FL,33905
5750,1147 SE PALM BEACH RD,Port Saint Lucie,FL,34953
5751,11644 STONECREEK CIR,FORT MYERS,FL,33913
5752,11849 BAYPORT LN 904,FORT MYERS,FL,33908
5753,12840 ORANGE RIVER BLVD,FORT MYERS,FL,33905
5754,1288 S BRANDYWINE CIR 4,FORT MYERS,FL,33919
5755,14631 SAFE LANDING CT,FORT MYERS,FL,33908
5756,150 SW EXMORE AVE,Port Saint Lucie,FL,34953
5757,16902 TIMBERLAKES DR,FORT MYERS,FL,33908
5758,17961 CASTLE HARBOR DR,FORT MYERS,FL,33967
5759,1881 SW Bayshore BLVD,Port Saint Lucie,FL,34953
5760,19 CORNING CT,PALM COAST,FL,32137
5761,264 SE Via Visconti,Port Saint Lucie,FL,34982
5762,276 SW LANGFIELD AVE,Port Saint Lucie,FL,34953
5763,2813 SE PINE VALLEY ST,Port Saint Lucie,FL,34953
5764,3491 CYPRESS MARSH DR,FORT MYERS,FL,33905
5765,359 SW Sandy WAY,Port Saint Lucie,FL,34986
5766,4065 SW MCINTYRE ST,Port Saint Lucie,FL,34953
5767,4690 SW Dactyl ST,Port Saint Lucie,FL,34953
5768,4903 ESTERO BLVD,FORT MYERS BEACH,FL,33931
5769,5 LLAWELL CT,PALM COAST,FL,32164
5770,6323 NW DORA CT,Port Saint Lucie,FL,34953
5771,7400 ESTERO BLVD 630,FORT MYERS BEACH,FL,33931
5772,7527 KEY DEER CT,FORT MYERS,FL,33966
5773,7834 CAMERON CIR,FORT MYERS,FL,33912
5774,807 SW Munjack CIR,Port Saint Lucie,FL,34986
5775,1 SEA VISTA DR,PALM COAST,FL,32137
5776,1037 SW PLACETAS AVE,Port Saint Lucie,FL,34953
5777,10682 SW Gingermill DR,Port Saint Lucie,FL,34987
5778,111 BAYSIDE DR,PALM COAST,FL,32137
5779,113 SW South Wakefield CIR,Port Saint Lucie,FL,34953
5780,1201 FIRST ST,FORT MYERS,FL,33905
5781,12570 EQUESTRIAN CIR 1415,FORT MYERS,FL,33907
5782,1371 SW SUDDER AVE,Port Saint Lucie,FL,34953
5783,145 ADRIENNE DR,FORT MYERS,FL,33908
5784,14630 GLEN COVE DR 102,FORT MYERS,FL,33919
5785,15560 BELLAMAR DR 1711,FORT MYERS,FL,33908
5786,15841 KILMARNOCK DR,FORT MYERS,FL,33912
5787,16393 RAINBOW MEADOWS CT,FORT MYERS,FL,33908
5788,18086 SAN CARLOS BLVD 817,FORT MYERS BEACH,FL,33931
5789,18141 RICCARDO CT,FORT MYERS,FL,33967
5790,1945 SW MICHELANGELO AVE,Port Saint Lucie,FL,34953
5791,2 BLACKFOOT CT,PALM COAST,FL,32137
5792,22724 ISLAND PINES WAY 301,FORT MYERS BEACH,FL,33931
5793,228 NW Liseron WAY,Port Saint Lucie,FL,34986
5794,2697 SE Clareton Terr,Port Saint Lucie,FL,34953
5795,2698 SE S BLACKWELL DR,Port Saint Lucie,FL,34953
5796,2743 FIRST ST 2104,FORT MYERS,FL,33916
5797,2744 SE S BLACKWELL DR,Port Saint Lucie,FL,34953
5798,2823 MEADOW AVE,FORT MYERS,FL,33901
5799,2842 SE PERU ST,Port Saint Lucie,FL,34953
5800,29 PINELARK LN,PALM COAST,FL,32164
5801,340 SEMINOLE WAY,FORT MYERS BEACH,FL,33931
5802,3549 SW SAN GIORGIO ST,Port Saint Lucie,FL,34953
5803,414 SE PORT ST LUCIE BLVD,Port Saint Lucie,FL,34953
5804,54 PINE CIRCLE DR,PALM COAST,FL,32164
5805,5887 NW Carovel AVE,Port Saint Lucie,FL,34953
5806,6 SENOR PL,PALM COAST,FL,32164
5807,6033 NW WESLEY RD,Port Saint Lucie,FL,34953
5808,6610 ESTERO BLVD 822,FORT MYERS BEACH,FL,33931
5809,669 SW MILLARD DR,Port Saint Lucie,FL,34953
5810,70 WOODBURY DR,PALM COAST,FL,32164
5811,8 OSPREY CIR,PALM COAST,FL,32137
5812,8 BURNLEY PL,PALM COAST,FL,32137
5813,868 SW SULTAN DR,Port Saint Lucie,FL,34953
5814,9221 ASTONIA WAY,FORT MYERS,FL,33967
5815,10332 WHISPERING PALMS DR 1807,FORT MYERS,FL,33913
5816,10561 MARTHA ST,FORT MYERS,FL,33905
5817,10633 CAMARELLE CIR,FORT MYERS,FL,33913
5818,11002 MILL CREEK WAY 1805,FORT MYERS,FL,33913
5819,11830 DIXON DR,FORT MYERS,FL,33913
5820,144 SW HAWTHORNE CIR,Port Saint Lucie,FL,34953
5821,14521 BALD EAGLE DR,FORT MYERS,FL,33912
5822,1520 SE ROYAL GREEN CIR 104,Port Saint Lucie,FL,34953
5823,15216 CORAL ISLE CT,FORT MYERS,FL,33919
5824,15379 BELLAMAR CIR 321,FORT MYERS,FL,33908
5825,16756 CORIANDER LN,FORT MYERS,FL,33908
5826,1849 SW LOFGREN AVE,Port Saint Lucie,FL,34953
5827,2105 CARRELL RD,FORT MYERS,FL,33901
5828,2222 SE STONEHAVEN RD,Port Saint Lucie,FL,34952
5829,2561 SW Dania ST,Port Saint Lucie,FL,34953
5830,27 POWDER LN,PALM COAST,FL,32164
5831,2897 SW Brighton ST,Port Saint Lucie,FL,34953
5832,29 N PARK CIR,PALM COAST,FL,32137
5833,3142 LAFAYETTE ST,FORT MYERS,FL,33916
5834,344 SW KESTOR DR,Port Saint Lucie,FL,34953
5835,36 SLUMBER PATH,PALM COAST,FL,32164
5836,39 ROUND THORN DR,PALM COAST,FL,32164
5837,3993 VILLMOOR LN,FORT MYERS,FL,33919
5838,400 PINE LAKES PKWY,PALM COAST,FL,32164
5839,5337 GLENLIVET RD,FORT MYERS,FL,33907
5840,5600 CHELSEY LN 101,FORT MYERS,FL,33912
5841,6 ETHAN ALLEN DR,PALM COAST,FL,32164
5842,6141 HAMILTON DR,FORT MYERS,FL,33905
5843,6662 ESTERO BLVD 809,FORT MYERS BEACH,FL,33931
5844,7650 ESTERO BLVD 506,FORT MYERS BEACH,FL,33931
5845,8351 BUCKINGHAM RD,FORT MYERS,FL,33905
5846,12060 FIVE WATERS CIR,FORT MYERS,FL,33913
5847,14 SEVILLE ORANGE PATH,PALM COAST,FL,32164
5848,1426 SW SAN ESTEBAN AVE,Port Saint Lucie,FL,34953
5849,14591 SHERBROOK PL 103,FORT MYERS,FL,33912
5850,14776 CALUSA PALMS DR 101,FORT MYERS,FL,33919
5851,1701 SE FLINTLOCK RD,Port Saint Lucie,FL,34953
5852,18014 SAN CARLOS BLVD 41,FORT MYERS BEACH,FL,33931
5853,2102 PARKVIEW DR,FORT MYERS,FL,33905
5854,253 SW Cherry Hill RD,Port Saint Lucie,FL,34953
5855,2637 MONTEGO DR,FORT MYERS,FL,33905
5856,32 COLECHESTER LN,PALM COAST,FL,32137
5857,3838 DESOTO AVE,FORT MYERS,FL,33916
5858,4142 SW ENDICOTT ST,Port Saint Lucie,FL,34953
5859,4191 BAY BEACH LN 246,FORT MYERS BEACH,FL,33931
5860,42 RYAN DR,PALM COAST,FL,32164
5861,45 BURBANK DR,PALM COAST,FL,32137
5862,451 SE Tramonto ST,Port Saint Lucie,FL,34984
5863,4574 TRAWLER CT 204,FORT MYERS,FL,33919
5864,48 PILGRIM DR,PALM COAST,FL,32164
5865,572 NW Waverly CIR,Port Saint Lucie,FL,34983
5866,5751 YOUNGQUIST RD A & C,FORT MYERS,FL,33912
5867,6020 LAURELWOOD DR,FORT MYERS,FL,33905
5868,688 ASTARIAS CIR,FORT MYERS,FL,33919
5869,805 LA SALLE AVE,FORT MYERS,FL,33913
5870,8430 CHARTER CLUB CIR 12,FORT MYERS,FL,33919
5871,9135 CYPRESS DR S,FORT MYERS,FL,33967
5872,9627 EATON GARDENS LN 104,FORT MYERS,FL,33919
5873,9837 CATENA WAY 105,FORT MYERS,FL,33908
5874,10169 SW Village Park WAY,Port Saint Lucie,FL,34987
5875,11628 MAHOGANY RUN,FORT MYERS,FL,33913
5876,121 LINDSAY DR,PALM COAST,FL,32137
5877,1363 CHALON LN,FORT MYERS,FL,33919
5878,1525 HENDRY ST,FORT MYERS,FL,33901
5879,16051 BRIARCLIFF LN,FORT MYERS,FL,33912
5880,16341 DUBLIN CIR 105,FORT MYERS,FL,33908
5881,17363 ALICO CENTER RD,FORT MYERS,FL,33967
5882,17621 MARCO ISLAND LN,FORT MYERS,FL,33908
5883,1920 VIRGINIA AVE 102,FORT MYERS,FL,33901
5884,2301 SE Brekenridge CIR,Port Saint Lucie,FL,34952
5885,2313 SW KENT CIR,Port Saint Lucie,FL,34953
5886,2321 LAZY RIVER LN,FORT MYERS,FL,33905
5887,251 LISETTE ST,FORT MYERS,FL,33913
5888,3231 COTTONWOOD BND 301,FORT MYERS,FL,33905
5889,35 ZONAL GERANIUM TRL,PALM COAST,FL,32164
5890,4 LEWIS SHIRE PL,PALM COAST,FL,32137
5891,4030 CHERRYBROOK LOOP,FORT MYERS,FL,33966
5892,4177 SW TUSCOL ST,Port Saint Lucie,FL,34953
5893,4946 TICE ST,FORT MYERS,FL,33905
5894,52 SMITH TRL,PALM COAST,FL,32164
5895,5625 BRIGHTWOOD DR,FORT MYERS,FL,33905
5896,5836 NW Coosa DR,Port Saint Lucie,FL,34953
5897,7 PRINCESS DOLORES LN,PALM COAST,FL,32164
5898,70 SEA TRL,PALM COAST,FL,32164
5899,8 PINE BLUFF LN,PALM COAST,FL,32164
5900,8621 BRITTANIA DR,FORT MYERS,FL,33912
5901,8666 SUMNER AVE,FORT MYERS,FL,33908
5902,9123 ASTONIA WAY,FORT MYERS,FL,33967
5903,913 ALTADENA DR,FORT MYERS,FL,33919
5904,1011 EL MAR AVE,FORT MYERS,FL,33919
5905,11 POST TREE LN,PALM COAST,FL,32164
5906,11154 SUNLIGHT LN,FORT MYERS,FL,33908
5907,11271 REFLECTION ISLES BLVD,FORT MYERS,FL,33912
5908,1157 SW GATLIN BLVD,Port Saint Lucie,FL,34953
5909,12202 PALM BEACH BLVD,FORT MYERS,FL,33905
5910,1265 BELFAST AVE,FORT MYERS,FL,33913
5911,1286 SW Curry ST,Port Saint Lucie,FL,34953
5912,13 WALLSTONE PL,PALM COAST,FL,32164
5913,14771 HOLE IN ONE CIR 206,FORT MYERS,FL,33919
5914,17338 KNIGHT DR,FORT MYERS,FL,33967
5915,1749 SE JOY HAVEN ST,Port Saint Lucie,FL,34953
5916,17495/497 17495/497 DUMONT DR,FORT MYERS,FL,33967
5917,18041 LAUREL VALLEY RD,FORT MYERS,FL,33967
5918,19750 OSPREY COVE BLVD 218,FORT MYERS,FL,33967
5919,21 FITZGERALD LN,PALM COAST,FL,32137
5920,210 WILLOW OAK WAY,PALM COAST,FL,32137
5921,2117 SE Olivo CT,Port Saint Lucie,FL,34984
5922,2562 SW NATIONAL CIR,Port Saint Lucie,FL,34953
5923,27 ROCKING LN,PALM COAST,FL,32164
5924,31 FLORIDA PARK DR,PALM COAST,FL,32137
5925,3374 E RIVERSIDE DR,FORT MYERS,FL,33916
5926,3535 SE Gay CT,Port Saint Lucie,FL,34953
5927,3741 SW Wycoff ST,Port Saint Lucie,FL,34953
5928,4 LYNTON PL,PALM COAST,FL,32137
5929,405 BOURGANVILLE DR,PALM COAST,FL,32137
5930,4414 SW GAINSBORO ST,Port Saint Lucie,FL,34953
5931,502 NW Azine AVE,Port Saint Lucie,FL,34953
5932,52 LONGFELLOW DR,PALM COAST,FL,32137
5933,5424 HARBOUR CASTLE DR,FORT MYERS,FL,33907
5934,761 NW Avens ST,Port Saint Lucie,FL,34953
5935,8 COLLINGTON CT,PALM COAST,FL,32137
5936,815 SE Carnival AVE,Port Saint Lucie,FL,34953
5937,9 RYBAR LN,PALM COAST,FL,32164
5938,9 CEDAR HOLLOW CT,PALM COAST,FL,32137
5939,914 SE Atlantus AVE,Port Saint Lucie,FL,34953
5940,1026 SE EUCLID LN,Port Saint Lucie,FL,34953
5941,1052 SE Bywood AVE,Port Saint Lucie,FL,34953
5942,12311 CRYSTAL COMMERCE LOOP,FORT MYERS,FL,33966
5943,12620 WORLD PLAZA LN 3,FORT MYERS,FL,33907
5944,1311 S BRANDYWINE CIR,FORT MYERS,FL,33919
5945,15 AVENUE DE LA MER 2504,PALM COAST,FL,32137
5946,1500 SE ROYAL GREEN CIR 102,Port Saint Lucie,FL,34953
5947,1538 SE Corvair CT,Port Saint Lucie,FL,34952
5948,16290 KELLY WOODS DR,FORT MYERS,FL,33908
5949,17208 HAITIAN DR,FORT MYERS,FL,33967
5950,1765 SE MARIANA RD,Port Saint Lucie,FL,34953
5951,2614 SE Creston LN,Port Saint Lucie,FL,34953
5952,280 SW KENTWOOD RD,Port Saint Lucie,FL,34953
5953,3326 SW PERRINE ST,Port Saint Lucie,FL,34953
5954,3388 FOWLER ST,FORT MYERS,FL,33901
5955,3730 TARECO ST,FORT MYERS,FL,33905
5956,3991 BAYSIDE RD,FORT MYERS BEACH,FL,33931
5957,514 SW Baoy AVE,Port Saint Lucie,FL,34953
5958,543 SE OCEAN SPRAY TERR,Port Saint Lucie,FL,34953
5959,582 SW College Park RD,Port Saint Lucie,FL,34953
5960,601 SE Fascino CIR,Port Saint Lucie,FL,34984
5961,6220 AUGUSTA DR 114,FORT MYERS,FL,33907
5962,6300 SOUTH POINTE BLVD 221,FORT MYERS,FL,33919
5963,6461 ARAGON WAY 107,FORT MYERS,FL,33966
5964,8121 LAKE SAN CARLOS CIR,FORT MYERS,FL,33967
5965,85 EVANS DR,PALM COAST,FL,32164
5966,8959 WATER TUPELO RD,FORT MYERS,FL,33912
5967,1000 CANOPY WALK LN 1013,PALM COAST,FL,32137
5968,10112 COLONIAL COUNTRY CLUB BLVD 209,FORT MYERS,FL,33913
5969,1116 DYESS RD, OKEECHOBEE,FL,34974
5970,1226 SW Alesio LN,Port Saint Lucie,FL,34953
5971,12760 CHARDON CT,FORT MYERS,FL,33912
5972,13132 TALL PINE CIR,FORT MYERS,FL,33907
5973,1434 SE SOLAR ST,Port Saint Lucie,FL,34953
5974,14811 HOLE IN ONE CIR 303,FORT MYERS,FL,33919
5975,1525 SW URBINO AVE,Port Saint Lucie,FL,34953
5976,1561 SE PITCHER RD,Port Saint Lucie,FL,34953
5977,20 SMITH TRL,PALM COAST,FL,32164
5978,209 SW PAGODA TERR,Port Saint Lucie,FL,34953
5979,241 ALAMEDA AVE,FORT MYERS,FL,33905
5980,2634 WINKLER AVE,FORT MYERS,FL,33901
5981,2702 SE EXPORT AVE,Port Saint Lucie,FL,34953
5982,4 BUTTONWOOD PL,PALM COAST,FL,32137
5983,4149 SW Bamberg ST,Port Saint Lucie,FL,34953
5984,4320 SW JARMER RD,Port Saint Lucie,FL,34953
5985,4548 WATERCOLOR WAY,FORT MYERS,FL,33966
5986,4657 SW WADE DR,Port Saint Lucie,FL,34953
5987,4847 DELEON ST,FORT MYERS,FL,33907
5988,6025 TABOR AVE,FORT MYERS,FL,33905
5989,641 ASTARIAS CIR,FORT MYERS,FL,33919
5990,70 ROLLING FERN DR,PALM COAST,FL,32164
5991,9751 MAINSAIL CT,FORT MYERS,FL,33919
5992,9970 SAILVIEW CT 16,FORT MYERS,FL,33905
5993,1017 SW ECKARD AVE,Port Saint Lucie,FL,34953
5994,102 FLEETWOOD DR,PALM COAST,FL,32137
5995,1026 SW INGRASSINA AVE,Port Saint Lucie,FL,34953
5996,10453 WASHINGTONIA PALM WAY 3341,FORT MYERS,FL,33966
5997,12181 KELLY SANDS WAY 1546,FORT MYERS,FL,33908
5998,1255 SW Bent Pine CV,Port Saint Lucie,FL,34953
5999,12741 KELLY SANDS WAY,FORT MYERS,FL,33908
6000,14750 CALEB DR,FORT MYERS,FL,33908
6001,1661 SE MANTH LN,Port Saint Lucie,FL,34953
6002,1751 SE Carvalho ST,Port Saint Lucie,FL,34953
6003,2043 W FIRST ST,FORT MYERS,FL,33901
6004,2133 LARCHMONT AVE,FORT MYERS,FL,33901
6005,23 BRUCE LN,PALM COAST,FL,32137
6006,4137 SW Baird ST,Port Saint Lucie,FL,34953
6007,446 NE Camelot DR,Port Saint Lucie,FL,34953
6008,45 BUTTONWORTH DR,PALM COAST,FL,32137
6009,4546 SEMINOLE ST,FORT MYERS,FL,33905
6010,500 CINNAMON BEACH WAY 465,PALM COAST,FL,32137
6011,52 WOOD CEDAR DR,PALM COAST,FL,32164
6012,5319 NW Aloha ST,Port Saint Lucie,FL,34953
6013,5558 PALM BEACH BLVD 310,FORT MYERS,FL,33905
6014,6334 DEMERY CIR,FORT MYERS,FL,33916
6015,7119 LAKERIDGE VIEW CT 203,FORT MYERS,FL,33907
6016,74 ETHAN ALLEN DR,PALM COAST,FL,32164
6017,742 SW GENERAL PATTON TERR,Port Saint Lucie,FL,34953
6018,949 SE Breakwater AVE,Port Saint Lucie,FL,34953
6019,11531 FOX SPARROW DR,FORT MYERS,FL,33908
6020,11650 MARINO CT 502,FORT MYERS,FL,33908
6021,11931 CHAMPIONS GREEN WAY 305,FORT MYERS,FL,33913
6022,12 WALT PL,PALM COAST,FL,32164
6023,1221 SW SANTIAGO AVE,Port Saint Lucie,FL,34953
6024,12380 EAGLE POINTE CIR,FORT MYERS,FL,33913
6025,12790 VISTA PINE CIR,FORT MYERS,FL,33913
6026,12950 IONA RD,FORT MYERS,FL,33908
6027,13540 STRATFORD PLACE CIR 104,FORT MYERS,FL,33919
6028,1400 GRACE AVE,FORT MYERS,FL,33901
6029,1438 GARDENIA AVE,FORT MYERS,FL,33916
6030,14930 CALEB DR,FORT MYERS,FL,33908
6031,150 NW HEATHER ST,Port Saint Lucie,FL,34953
6032,1588 SE FLINTLOCK RD,Port Saint Lucie,FL,34953
6033,1603 SW Biltmore ST,Port Saint Lucie,FL,34953
6034,17389 DUQUESNE RD,FORT MYERS,FL,33967
6035,19560 SPICEWOOD LN,FORT MYERS,FL,33912
6036,2142 SE SOUTH BUTTONWOOD DR,Port Saint Lucie,FL,34953
6037,224 NW Magnolia Lakes BLVD,Port Saint Lucie,FL,34986
6038,2640 FIRST ST,FORT MYERS,FL,33916
6039,329 NE FLORESTA DR,Port Saint Lucie,FL,34953
6040,356 SW Dalton CIR,Port Saint Lucie,FL,34953
6041,376 UNDERWOOD TRL,PALM COAST,FL,32164
6042,3933 SW Bamberg ST,Port Saint Lucie,FL,34953
6043,423 SE Asbury LN,Port Saint Lucie,FL,34953
6044,5481 NW Carla CT,Port Saint Lucie,FL,34953
6045,55 FELWOOD LN,PALM COAST,FL,32137
6046,5556 NW Cruzan AVE,Port Saint Lucie,FL,34953
6047,5798 NEWFOUNDLAND CIR 3,FORT MYERS,FL,33907
6048,588 SE NOME DR,Port Saint Lucie,FL,34953
6049,657 SW JADA RD,Port Saint Lucie,FL,34953
6050,660 NW PEACOCK DR,Port Saint Lucie,FL,34953
6051,703 SW ST CROIX COVE,Port Saint Lucie,FL,34953
6052,72 BANNBURY LN,PALM COAST,FL,32137
6053,9524 BROOKVILLE CT,FORT MYERS,FL,33967
6054,10 POINCIANA LN,PALM COAST,FL,32164
6055,104 SURFVIEW DR 2308,PALM COAST,FL,32137
6056,12 WALKER DR,PALM COAST,FL,32164
6057,1229 SE NANCY LN,Port Saint Lucie,FL,34953
6058,143 ZENITH CIR,FORT MYERS,FL,33913
6059,14521 HICKORY HILL CT 415,FORT MYERS,FL,33912
6060,1472 SW Falmouth AVE,Port Saint Lucie,FL,34953
6061,160 CYPRESS POINT PKWY A112,PALM COAST,FL,32164
6062,1656 SW SYLVESTER LN,Port Saint Lucie,FL,34953
6063,18 PINE HARBOR DR,PALM COAST,FL,32137
6064,18 BALLARD LN,PALM COAST,FL,32137
6065,20 WESTFORD LN,PALM COAST,FL,32164
6066,208 GEORGIA AVE,FORT MYERS,FL,33905
6067,29 LINDBERG LN,PALM COAST,FL,32137
6068,3 WOODSTONE LN,PALM COAST,FL,32164
6069,334 NE GENESEE AVE,Port Saint Lucie,FL,34953
6070,3965 SW JARMER RD,Port Saint Lucie,FL,34953
6071,54 FARISTON PL,PALM COAST,FL,32137
6072,6300 SUGAR BUSH LN 3,FORT MYERS,FL,33908
6073,7 LAKE SUCCESS PL,PALM COAST,FL,32137
6074,10258 SMOKEBUSH CT,FORT MYERS,FL,33913
6075,10453 WASHINGTONIA PALM WAY 3328,FORT MYERS,FL,33966
6076,11480 WATERFORD VILLAGE DR,FORT MYERS,FL,33913
6077,11861 CARAVEL CIR,FORT MYERS,FL,33908
6078,12080 CACTUS DR,FORT MYERS,FL,33908
6079,1486 SE PROCTOR LN,Port Saint Lucie,FL,34953
6080,1522 NW Amherst DR A,Port Saint Lucie,FL,34986
6081,15340 STRAIGHT ST,FORT MYERS,FL,33908
6082,1610 SE Clearmont ST,Port Saint Lucie,FL,34953
6083,177 ERIC DR,PALM COAST,FL,32164
6084,210 EGRET ST,FORT MYERS BEACH,FL,33931
6085,2332 SE HARRINGTON AVE,Port Saint Lucie,FL,34953
6086,2999 SW FLUVIA ST,Port Saint Lucie,FL,34953
6087,3 ZIEGFELD PL,PALM COAST,FL,32164
6088,3358 ROYAL CANADIAN TRCE 1,FORT MYERS,FL,33907
6089,3476 DR MARTIN LUTHER KING JR BLVD,FORT MYERS,FL,33916
6090,352 SW TULIP BLVD,Port Saint Lucie,FL,34953
6091,36 PILLORY LN,PALM COAST,FL,32164
6092,3670 SW PARSONS ST,Port Saint Lucie,FL,34953
6093,3956 OTTER BEND CIR,FORT MYERS,FL,33905
6094,4086 SW MACKEMER RD,Port Saint Lucie,FL,34953
6095,414 SW MEADOW TERR,Port Saint Lucie,FL,34953
6096,501 NW Archer AVE,Port Saint Lucie,FL,34953
6097,6 PHILOX LN,PALM COAST,FL,32164
6098,60 POINT PLEASANT DR,PALM COAST,FL,32164
6099,661 SW South Macedo BLVD,Port Saint Lucie,FL,34953
6100,6662 KESTREL CIR,FORT MYERS,FL,33966
6101,7400 COLLEGE PKWY 59C,FORT MYERS,FL,33907
6102,749 SE WHITMORE DR,Port Saint Lucie,FL,34953
6103,8391 GRAND PALM DR 2,FORT MYERS,FL,33967
6104,8790 TROPICAL CT,FORT MYERS,FL,33908
6105,9181 POMELO RD E,FORT MYERS,FL,33967
6106,9221 OLD HICKORY CIR,FORT MYERS,FL,33912
6107,10105 COLONIAL COUNTRY CLUB BLVD 2501,FORT MYERS,FL,33913
6108,11 LANSING LN,PALM COAST,FL,32137
6109,1154 SW KALEVALA DR,Port Saint Lucie,FL,34953
6110,12 FLOYD CT,PALM COAST,FL,32137
6111,12210 KELLY GREENS BLVD 70,FORT MYERS,FL,33908
6112,13403 FOX CHAPEL CT,FORT MYERS,FL,33919
6113,1366 SE Concha ST,Port Saint Lucie,FL,34953
6114,1449 SW MALAGA AVE,Port Saint Lucie,FL,34953
6115,14631 SUMMER ROSE WAY,FORT MYERS,FL,33919
6116,14908 HICKORY GREENS CT,FORT MYERS,FL,33912
6117,1500 POPHAM DR A8,FORT MYERS,FL,33919
6118,17525 FUCHSIA RD,FORT MYERS,FL,33967
6119,18230 HAWTHORNE RD,FORT MYERS,FL,33967
6120,1844 PASSAIC AVE,FORT MYERS,FL,33901
6121,18890 BAY WOODS LAKE DR 102,FORT MYERS,FL,33908
6122,223 ANCONA ST,FORT MYERS,FL,33913
6123,2318 EPHRAIM AVE,FORT MYERS,FL,33907
6124,2324 JASPER AVE,FORT MYERS,FL,33907
6125,28 ZEPHYR LILY TRL,PALM COAST,FL,32164
6126,2837 FOWLER ST,FORT MYERS,FL,33901
6127,294 SW Yager PL,Port Saint Lucie,FL,34953
6128,341 NW Curry ST,Port Saint Lucie,FL,34953
6129,350 BAYLAND RD,FORT MYERS BEACH,FL,33931
6130,355 CYPRESS EDGE DR,PALM COAST,FL,32164
6131,3873 SW HALL ST,Port Saint Lucie,FL,34953
6132,4229 WOODSIDE AVE,FORT MYERS,FL,33905
6133,455 SE ESSEX DR,Port Saint Lucie,FL,34953
6134,712 NW VISCAYA ST,Port Saint Lucie,FL,34953
6135,8371 VILLAGE EDGE CIR 6,FORT MYERS,FL,33919
6136,8397 SOUTH HAVEN LN,FORT MYERS,FL,33919
6137,10207 YELLOWTOP TRL,FORT MYERS,FL,33905
6138,11180 SW Birch Tree CIR,Port Saint Lucie,FL,34987
6139,12099 LUCCA ST 201,FORT MYERS,FL,33966
6140,12501 COLD STREAM DR 409,FORT MYERS,FL,33912
6141,1263 BELFAST AVE,FORT MYERS,FL,33913
6142,13041 MULLINS LN,FORT MYERS,FL,33913
6143,1371 SW Amboy AVE,Port Saint Lucie,FL,34953
6144,15 ESSEX LN,PALM COAST,FL,32164
6145,15 BUNKER KNOLLS LN,PALM COAST,FL,32137
6146,1661 SE MARIANA RD,Port Saint Lucie,FL,34953
6147,1773 SW Capehart AVE,Port Saint Lucie,FL,34953
6148,18465 ROSEWOOD RD,FORT MYERS,FL,33967
6149,18534 PHLOX DR,FORT MYERS,FL,33967
6150,2 PLEASANT LN,PALM COAST,FL,32164
6151,2049 SW DRIFTWOOD ST,Port Saint Lucie,FL,34953
6152,2132 BURTON AVE,FORT MYERS,FL,33907
6153,2141 SW LEAFY RD,Port Saint Lucie,FL,34953
6154,2779 N AIRPORT RD 208,FORT MYERS,FL,33907
6155,28 RYDELL LN,PALM COAST,FL,32164
6156,28 PRINCESS KIM LN,PALM COAST,FL,32164
6157,3259 SW FOREMOST DR,Port Saint Lucie,FL,34953
6158,40 PATCHOGUE LN,PALM COAST,FL,32164
6159,4225 SW TUSCOL ST,Port Saint Lucie,FL,34953
6160,5545 TRAILWINDS DR 124,FORT MYERS,FL,33907
6161,5726 BURRWOOD CT,FORT MYERS,FL,33905
6162,58 WEDGEWOOD LN,PALM COAST,FL,32164
6163,6 SQUASH BLOSSOM TRL,PALM COAST,FL,32164
6164,600 CANOPY WALK LN 624,PALM COAST,FL,32137
6165,621 SW MONTANA TERR,Port Saint Lucie,FL,34953
6166,66 POINT OF WOODS DR,PALM COAST,FL,32164
6167,6691 ESTERO BLVD 203,FORT MYERS BEACH,FL,33931
6168,72 SECRETARY TRL,PALM COAST,FL,32164
6169,720 ESTERO BLVD,FORT MYERS BEACH,FL,33931
6170,8310 WHISKEY PRESERVE CIR 231,FORT MYERS,FL,33919
6171,9 WALT PL,PALM COAST,FL,32164
6172,9191 BAYBERRY BND 102,FORT MYERS,FL,33908
6173,10680 CANAL ST,FORT MYERS,FL,33908
6174,10931 STONINGTON AVE,FORT MYERS,FL,33913
6175,122 SW EULER AVE,Port Saint Lucie,FL,34953
6176,12697/699 12697/699 NEW BRITTANY BLVD,FORT MYERS,FL,33907
6177,1297 SW GATLIN BLVD,Port Saint Lucie,FL,34953
6178,1402 SW FLOUNDER LN,Port Saint Lucie,FL,34953
6179,1426 CHARLES RD,FORT MYERS,FL,33919
6180,165 SE Rio Angelica,Port Saint Lucie,FL,34984
6181,1665 SW Clover ST,Port Saint Lucie,FL,34953
6182,17465 MCGREGOR BLVD,FORT MYERS,FL,33908
6183,19104/106 19104/106 MIAMI BLVD,FORT MYERS,FL,33967
6184,20 PRATTWOOD LN,PALM COAST,FL,32164
6185,2331 WOODLAND TER,FORT MYERS,FL,33907
6186,24 SALISBURY CT,PALM COAST,FL,32137
6187,2460 SUNRISE BLVD,FORT MYERS,FL,33907
6188,2544 SW Marshfield CT,Port Saint Lucie,FL,34953
6189,2610 WEST RD,FORT MYERS,FL,33905
6190,2708 BROADWAY,FORT MYERS,FL,33901
6191,3 RYDELL LN,PALM COAST,FL,32164
6192,3441 SE HART CIR,Port Saint Lucie,FL,34953
6193,3651 SW EUROPE ST,Port Saint Lucie,FL,34953
6194,4704 SIESTA CIR,FORT MYERS,FL,33901
6195,4910 DEAN ST,FORT MYERS,FL,33905
6196,532 NW Avon AVE,Port Saint Lucie,FL,34953
6197,5390 HARBORAGE DR,FORT MYERS,FL,33908
6198,7400 ESTERO BLVD 124,FORT MYERS BEACH,FL,33931
6199,8 EDMOND PL,PALM COAST,FL,32164
6200,8077 HARRISBURG DR,FORT MYERS,FL,33967
6201,974 NW Bayshore BLVD,Port Saint Lucie,FL,34953
6202,100 SANCHEZ AVE,PALM COAST,FL,32137
6203,10271 SMOKEBUSH CT,FORT MYERS,FL,33913
6204,128 PLAIN VIEW DR,PALM COAST,FL,32164
6205,13 MADEIRA CT,PALM COAST,FL,32137
6206,13403 BROADHURST LOOP,FORT MYERS,FL,33919
6207,13838 FIRST ST,FORT MYERS,FL,33905
6208,14 BIG HORN DR,PALM COAST,FL,32137
6209,1415 DIEGO ST,FORT MYERS,FL,33916
6210,15010 LAKESIDE VIEW DR 204,FORT MYERS,FL,33919
6211,17365/367 17365/367 W CARNEGIE CIR,FORT MYERS,FL,33967
6212,1849 SW LOGAN ST,Port Saint Lucie,FL,34953
6213,1949 SW Aaron LN,Port Saint Lucie,FL,34953
6214,19681 SUMMERLIN RD 577,FORT MYERS,FL,33908
6215,2100 SW HYACINTH ST,Port Saint Lucie,FL,34953
6216,22 ROXTON LN,PALM COAST,FL,32164
6217,2206 SE Montrose LN,Port Saint Lucie,FL,34952
6218,2262 MARINA PARK DR,FORT MYERS,FL,33905
6219,2402 SW WASHINGTON ST,Port Saint Lucie,FL,34953
6220,2425 SW HALLISSEE ST,Port Saint Lucie,FL,34953
6221,2909/2929 2909/2929 BROADWAY,FORT MYERS,FL,33901
6222,3514 SW RONALD ST,Port Saint Lucie,FL,34953
6223,3581 VERONICA S SHOEMAKER BLVD,FORT MYERS,FL,33916
6224,4071 OTTER BEND CIR,FORT MYERS,FL,33905
6225,420 OLD SAN CARLOS BLVD,FORT MYERS BEACH,FL,33931
6226,4239 SE HOME WAY,Port Saint Lucie,FL,34952
6227,434 BUENA VISTA BLVD,FORT MYERS,FL,33905
6228,4551 SW IMAGE DR,Port Saint Lucie,FL,34953
6229,484 NW Blue Lake DR,Port Saint Lucie,FL,34986
6230,5 SLENDER PL,PALM COAST,FL,32164
6231,6049 JOPLIN AVE,FORT MYERS,FL,33905
6232,6645 ESTERO BLVD 201,FORT MYERS BEACH,FL,33931
6233,68 PRICE LN,PALM COAST,FL,32164
6234,6911 ST EDMUNDS LOOP,FORT MYERS,FL,33966
6235,6970 NEAL RD,FORT MYERS,FL,33905
6236,83 PRINCESS RUTH LN,PALM COAST,FL,32164
6237,9209 GLADIOLUS PRESERVE CIR,FORT MYERS,FL,33908
6238,9712 DEVONWOOD CT,FORT MYERS,FL,33967
6239,10377 S US HWY 1,Port Saint Lucie,FL,34953
6240,1132 20TH ST, OKEECHOBEE,FL,34974
6241,116 SW RIDGECREST DR,Port Saint Lucie,FL,34953
6242,11860 HOMESTEAD LN,FORT MYERS,FL,33905
6243,1226 S BRANDYWINE CIR,FORT MYERS,FL,33919
6244,1256 MORNINGSIDE DR,FORT MYERS,FL,33901
6245,14 PALM LN,PALM COAST,FL,32164
6246,14051 BRANT POINT CIR 8104,FORT MYERS,FL,33919
6247,14751 CEMETERY RD,FORT MYERS,FL,33905
6248,148 CHARLES ST,FORT MYERS,FL,33905
6249,15161 BAHIA CT,FORT MYERS,FL,33908
6250,15177 PARKSIDE DR 201,FORT MYERS,FL,33908
6251,16059 VIA SOLERA CIR 101,FORT MYERS,FL,33908
6252,16442 TIMBERLAKES DR 204,FORT MYERS,FL,33908
6253,17 LLORET PL,PALM COAST,FL,32164
6254,17150 RAVENS ROOST 8,FORT MYERS,FL,33908
6255,17170 HARBOUR POINTE DR 205,FORT MYERS,FL,33908
6256,18348 CAMELLIA RD,FORT MYERS,FL,33967
6257,19681 SUMMERLIN RD 7,FORT MYERS,FL,33908
6258,2037 SW EMBER ST,Port Saint Lucie,FL,34953
6259,205 CENTER RD,FORT MYERS,FL,33907
6260,21 WOOD ARBOR LN,PALM COAST,FL,32164
6261,2264 WINKLER AVE 208,FORT MYERS,FL,33901
6262,2360 SW MONTERREY LN,Port Saint Lucie,FL,34953
6263,2371 TOWLES ST,FORT MYERS,FL,33916
6264,2482 SW WASHINGTON ST,Port Saint Lucie,FL,34953
6265,3027 SE WAKE RD,Port Saint Lucie,FL,34953
6266,3065 CRANFORD AVE,FORT MYERS,FL,33901
6267,3206 CARGO ST,FORT MYERS,FL,33916
6268,33 WEBSTER LN,PALM COAST,FL,32164
6269,3313 ARMSTRONG CT,FORT MYERS,FL,33916
6270,400 CINNAMON BEACH WAY 342,PALM COAST,FL,32137
6271,411 NW Dover CT,Port Saint Lucie,FL,34983
6272,4321 ARLINGTON AVE,FORT MYERS,FL,33905
6273,4508 WATERSCAPE LN,FORT MYERS,FL,33966
6274,4745 TICE ST,FORT MYERS,FL,33905
6275,5301 ESTERO BLVD,FORT MYERS BEACH,FL,33931
6276,5443 NW Wisk Fern CIR,Port Saint Lucie,FL,34986
6277,564 CAROLINA AVE,FORT MYERS,FL,33905
6278,5939 BAKER CT,FORT MYERS,FL,33919
6279,6321 ARAGON WAY 304,FORT MYERS,FL,33966
6280,649 SE Chapman AVE,Port Saint Lucie,FL,34953
6281,7 RYLEY LN,PALM COAST,FL,32164
6282,7000 PORT BLVD 13,FORT MYERS,FL,33967
6283,8267 CALOOSA RD,FORT MYERS,FL,33967
6284,842 SW GENERAL PATTON TERR,Port Saint Lucie,FL,34953
6285,1 SQUADRON PL,PALM COAST,FL,32164
6286,10 PITT LN,PALM COAST,FL,32164
6287,11300 BOUGAINVILLEA LN,FORT MYERS BEACH,FL,33931
6288,11861 NALDA ST 12206,FORT MYERS,FL,33912
6289,11945 ALEGRIA ST 903,FORT MYERS,FL,33912
6290,1243 STADLER DR,FORT MYERS,FL,33901
6291,12631 FOURTH ST,FORT MYERS,FL,33905
6292,15500 KINROSS CIR,FORT MYERS,FL,33912
6293,18170 OLD DOMINION CT,FORT MYERS,FL,33908
6294,219 CURLEW ST,FORT MYERS BEACH,FL,33931
6295,2225 SE HADDON ST,Port Saint Lucie,FL,34953
6296,249 SW LANGFIELD AVE,Port Saint Lucie,FL,34953
6297,2532 ESTERO BLVD 401,FORT MYERS BEACH,FL,33931
6298,28861 CAVELL TER, NAPLES,FL,34119
6299,3 BLAKEVIEW CT,PALM COAST,FL,32137
6300,326 SE STARFISH AVE,Port Saint Lucie,FL,34983
6301,383 SE Via Sangro,Port Saint Lucie,FL,34952
6302,4 WAINMONT PL,PALM COAST,FL,32164
6303,41 POWDER HORN DR,PALM COAST,FL,32164
6304,458 SW LACROIX AVE,Port Saint Lucie,FL,34953
6305,5260 S LANDINGS DR 1404,FORT MYERS,FL,33919
6306,59 EDWARD DR,PALM COAST,FL,32164
6307,629 SE TANNER AVE,Port Saint Lucie,FL,34953
6308,7326 LOBELIA RD,FORT MYERS,FL,33967
6309,7341 BUCKINGHAM RD,FORT MYERS,FL,33905
6310,765 SW TULIP BLVD,Port Saint Lucie,FL,34953
6311,8552 FAIRWAY BEND DR,FORT MYERS,FL,33967
6312,9114 WATER TUPELO RD,FORT MYERS,FL,33912
6313,10453 CURRY PALM LN,FORT MYERS,FL,33966
6314,12 BERKSHIRE LN,PALM COAST,FL,32137
6315,12476 SUMMERWOOD DR,FORT MYERS,FL,33908
6316,12821 BAY TIMBER CT,FORT MYERS,FL,33912
6317,131 SW Palm DR 305,Port Saint Lucie,FL,34986
6318,1390 BURGUNDY DR,FORT MYERS,FL,33919
6319,13916 BALD CYPRESS CIR,FORT MYERS,FL,33907
6320,16211 DUBLIN CIR 103,FORT MYERS,FL,33908
6321,164 NEW LEATHERWOOD DR,PALM COAST,FL,32137
6322,17030 ALICO COMMERCE CT 3100,FORT MYERS,FL,33967
6323,1740 PINE VALLEY DR 206,FORT MYERS,FL,33907
6324,1750 SE JOY HAVEN ST,Port Saint Lucie,FL,34953
6325,2112 SW Best ST,Port Saint Lucie,FL,34953
6326,2162 SW Cape Cod DR,Port Saint Lucie,FL,34953
6327,217 SW Christmas Terr,Port Saint Lucie,FL,34953
6328,2973 SW Boxwood CIR,Port Saint Lucie,FL,34953
6329,3601 COLONIAL CT,FORT MYERS,FL,33913
6330,41 BOULDER ROCK DR,PALM COAST,FL,32137
6331,5245 RAMSEY WAY D7,FORT MYERS,FL,33907
6332,589 NW SALINA TERR,Port Saint Lucie,FL,34953
6333,613 SE Clifton LN,Port Saint Lucie,FL,34953
6334,620 SW SEAGULL TERR,Port Saint Lucie,FL,34953
6335,6300 SOUTH POINTE BLVD 458,FORT MYERS,FL,33919
6336,6400 PLUMOSA AVE,FORT MYERS,FL,33908
6337,7 AVENUE DE LA MER 1006,PALM COAST,FL,32137
6338,7 BELVEDERE LN,PALM COAST,FL,32137
6339,8064 NEW JERSEY BLVD,FORT MYERS,FL,33967
6340,998 SW JOHN MACCORMACK TERR,Port Saint Lucie,FL,34953
6341,10365 S US HWY 1,Port Saint Lucie,FL,34953
6342,110 SE Via San Ramone,Port Saint Lucie,FL,34984
6343,114 PAVILLION DR,FORT MYERS BEACH,FL,33931
6344,11471 AXIS DEER LN,FORT MYERS,FL,33966
6345,12110 SUMMERGATE CIR 202,FORT MYERS,FL,33913
6346,150 SW Peacock BLVD 26-103,Port Saint Lucie,FL,34986
6347,15861 PRENTISS POINTE CIR 201,FORT MYERS,FL,33908
6348,17230 WOODBINE WAY,FORT MYERS,FL,33967
6349,1791 PINE GLADE CIR,FORT MYERS,FL,33907
6350,18042 SAN CARLOS BLVD 126,FORT MYERS BEACH,FL,33931
6351,19 AVENUE DE LA MER 303,PALM COAST,FL,32137
6352,1919 SW Aguero ST,Port Saint Lucie,FL,34953
6353,2 PHILOX LN,PALM COAST,FL,32164
6354,2147 DAVIS CT,FORT MYERS,FL,33916
6355,22 BURNING WICK PL,PALM COAST,FL,32137
6356,22 ST ANDREWS CT,PALM COAST,FL,32137
6357,22604 ISLAND PINES WAY 2203,FORT MYERS BEACH,FL,33931
6358,2267 SE ROCK SPRINGS DR,Port Saint Lucie,FL,34953
6359,29 ESPERANTO DR,PALM COAST,FL,32164
6360,29 BUTTERNUT DR,PALM COAST,FL,32137
6361,3 CHARLES CT,PALM COAST,FL,32137
6362,3 EDISON LN,PALM COAST,FL,32164
6363,349 SW Cherry Hill RD,Port Saint Lucie,FL,34953
6364,4618 SW QUEZON ST,Port Saint Lucie,FL,34953
6365,463 SW S QUICK CIR,Port Saint Lucie,FL,34953
6366,4945 KIM LN,FORT MYERS,FL,33905
6367,5520 SUNRISE DR,FORT MYERS,FL,33919
6368,60/64 60/64 AVENUE C,FORT MYERS BEACH,FL,33931
6369,6011 JONATHANS BAY CIR 302,FORT MYERS,FL,33908
6370,6461 ARAGON WAY 101,FORT MYERS,FL,33966
6371,8271 PACIFIC BEACH DR,FORT MYERS,FL,33966
6372,8705 WESTWOOD OAKS PL,FORT MYERS,FL,33908
6373,8934 CRANES NEST CT,FORT MYERS,FL,33908
6374,9060 TRIANGLE PALM LN 1207,FORT MYERS,FL,33913
6375,9083 ASTONIA WAY,FORT MYERS,FL,33967
6376,1001 SW GATLIN BLVD,Port Saint Lucie,FL,34953
6377,106 BIRCHWOOD DR,PALM COAST,FL,32137
6378,1081 SW JACQUELINE AVE,Port Saint Lucie,FL,34953
6379,11 GLENEAGLES PL,PALM COAST,FL,32137
6380,11690 SW Rockville CT,Port Saint Lucie,FL,34987
6381,1257 NW Bentley CIR B,Port Saint Lucie,FL,34986
6382,126 MANDALAY RD,FORT MYERS BEACH,FL,33931
6383,1362 BRAMAN AVE,FORT MYERS,FL,33901
6384,14954 HICKORY GREENS CT,FORT MYERS,FL,33912
6385,1602 SE DOME CIR,Port Saint Lucie,FL,34953
6386,2 ZIRCON CT,PALM COAST,FL,32164
6387,2049 SW Cranberry ST,Port Saint Lucie,FL,34953
6388,24 CARLSON LN,PALM COAST,FL,32137
6389,2437 HARVARD AVE,FORT MYERS,FL,33907
6390,2443 SE MARSEILLE ST,Port Saint Lucie,FL,34953
6391,2962 SW PIERSON RD,Port Saint Lucie,FL,34953
6392,400 LENELL RD 702,FORT MYERS BEACH,FL,33931
6393,4533 SW Bradbury ST,Port Saint Lucie,FL,34953
6394,480 NW Dover CT,Port Saint Lucie,FL,34983
6395,509 SE KYLE RD,Port Saint Lucie,FL,34953
6396,5840 NW GILLESPIE AVE,Port Saint Lucie,FL,34953
6397,6051 JONATHANS BAY CIR 602,FORT MYERS,FL,33908
6398,66 SAN JUAN DR,PALM COAST,FL,32137
6399,8 FERNDALE LN,PALM COAST,FL,32137
6400,8770 KING LEAR CT,FORT MYERS,FL,33908
6401,9315 CENTRAL PARK DR 101,FORT MYERS,FL,33919
6402,9670 ROUNDSTONE CIR,FORT MYERS,FL,33967
6403,10417 NIGHTWOOD DR,FORT MYERS,FL,33905
6404,11941 CYPRESS LINKS DR,FORT MYERS,FL,33913
6405,12831 TIMBER RIDGE DR,FORT MYERS,FL,33913
6406,12920 TIMOTHY LN,FORT MYERS,FL,33908
6407,13 CEDAR POINT CT,PALM COAST,FL,32164
6408,14650 FAIR HAVENS RD,FORT MYERS,FL,33908
6409,16 AVALON DR,PALM COAST,FL,32137
6410,167 SW KLEE CIR,Port Saint Lucie,FL,34953
6411,1692 SE MARINER LN,Port Saint Lucie,FL,34953
6412,1758 SE GASKINS CIR,Port Saint Lucie,FL,34953
6413,18000 SAN CARLOS BLVD 1,FORT MYERS BEACH,FL,33931
6414,1885 SE VESTHAVEN CT,Port Saint Lucie,FL,34953
6415,1949 SW LOGAN ST,Port Saint Lucie,FL,34953
6416,200 ESTERO BLVD M08,FORT MYERS BEACH,FL,33931
6417,2036 SW Marblehead WAY,Port Saint Lucie,FL,34953
6418,208 3RD ST,FORT MYERS,FL,33907
6419,2206 ALDRIDGE AVE,FORT MYERS,FL,33907
6420,2340 SW Cameo BLVD,Port Saint Lucie,FL,34953
6421,2410 SE WESTMORELAND BLVD,Port Saint Lucie,FL,34952
6422,3320 STELLA ST,FORT MYERS,FL,33916
6423,3866 SW Chaffin ST,Port Saint Lucie,FL,34953
6424,4397 BROADLEAF CIR,FORT MYERS,FL,33908
6425,4964 TICE ST,FORT MYERS,FL,33905
6426,4993 MARS ST,FORT MYERS,FL,33905
6427,5540 WOODROSE CT 4,FORT MYERS,FL,33907
6428,5670 KENSINGTON LOOP,FORT MYERS,FL,33912
6429,7301 BUCHANAN RD,FORT MYERS,FL,33967
6430,8157 PENNSYLVANIA BLVD,FORT MYERS,FL,33967
6431,9152 ASTONIA WAY,FORT MYERS,FL,33967
6432,10312 PORTO ROMANO DR,FORT MYERS,FL,33913
6433,107 SE Mira Lavella,Port Saint Lucie,FL,34984
6434,10909 CALLAWAY GREENS CT,FORT MYERS,FL,33913
6435,11063 SPARKLEBERRY DR,FORT MYERS,FL,33913
6436,11066 STARDUST DR,FORT MYERS,FL,33908
6437,1132 FISHERMAN LN, OKEECHOBEE,FL,34974
6438,11890 GRAND ISLES LN,FORT MYERS,FL,33913
6439,12540 WATER LN,FORT MYERS,FL,33908
6440,1261 8TH ST, OKEECHOBEE,FL,34974
6441,13780 JULIAS WAY 1013,FORT MYERS,FL,33919
6442,14 BUTTONWORTH DR,PALM COAST,FL,32137
6443,1431 DIEGO ST,FORT MYERS,FL,33916
6444,14961 HOLE IN ONE CIR 108,FORT MYERS,FL,33919
6445,151 ISLAND ESTATES PKWY,PALM COAST,FL,32137
6446,1600 SUNSET PL,FORT MYERS,FL,33901
6447,17641 PEPPARD DR,FORT MYERS BEACH,FL,33931
6448,18 PINTO LN,PALM COAST,FL,32164
6449,180 PRITCHARD DR,PALM COAST,FL,32164
6450,18057 HORSESHOE BAY CIR,FORT MYERS,FL,33967
6451,1838 CABBAGE DR, OKEECHOBEE,FL,34974
6452,1910 SE Avanti CIR,Port Saint Lucie,FL,34953
6453,2165 SOUTH ST,FORT MYERS,FL,33901
6454,2185 SE STARGRASS ST,Port Saint Lucie,FL,34953
6455,225 MAGELLAN ST,FORT MYERS,FL,33913
6456,2333 SE Aneci ST,Port Saint Lucie,FL,34953
6457,381 SE Dalva AVE,Port Saint Lucie,FL,34953
6458,3961 MADISON AVE,FORT MYERS,FL,33916
6459,5 PERROTTI PL,PALM COAST,FL,32164
6460,53 WEYMOUTH LN,PALM COAST,FL,32164
6461,5867 N OCEAN SHORE BLVD,PALM COAST,FL,32137
6462,7 BUFFALO BERRY PL,PALM COAST,FL,32137
6463,858 SE WALTERS TERR,Port Saint Lucie,FL,34953
6464,920 ADELPHI CT,FORT MYERS,FL,33919
6465,9331 VITTORIA CT,FORT MYERS,FL,33912
6466,10 ESSINGTON LN,PALM COAST,FL,32164
6467,1031 LAKEPORT PLZ, OKEECHOBEE,FL,34974
6468,11334 RED BLUFF LN,FORT MYERS,FL,33912
6469,1138 SW Bellevue AVE,Port Saint Lucie,FL,34953
6470,115 SE Rio Siena,Port Saint Lucie,FL,34984
6471,1151 BENT CREEK LOOP,FORT MYERS,FL,33916
6472,12446 PEBBLE STONE CT,FORT MYERS,FL,33913
6473,1281 SW LAWNDALE AVE,Port Saint Lucie,FL,34953
6474,13090 WHITE MARSH LN 104,FORT MYERS,FL,33912
6475,13339 TALL GRASS CT,FORT MYERS,FL,33912
6476,14 RYBERRY DR,PALM COAST,FL,32164
6477,14773 KIMBERLY LN,FORT MYERS,FL,33908
6478,15 DEBRA DR,PALM COAST,FL,32137
6479,1625 SE GRAPELAND AVE,Port Saint Lucie,FL,34953
6480,1726 SE FLINTLOCK RD,Port Saint Lucie,FL,34953
6481,18511 DOGWOOD RD,FORT MYERS,FL,33967
6482,19251 VINTAGE TRACE CIR,FORT MYERS,FL,33967
6483,2 WATER OAK PL,PALM COAST,FL,32137
6484,225 LONDON DR,PALM COAST,FL,32137
6485,349 SE Dalva AVE,Port Saint Lucie,FL,34953
6486,4 FAIRMONT LN,PALM COAST,FL,32137
6487,52 RICHMOND DR,PALM COAST,FL,32164
6488,52 RUSSELL DR,PALM COAST,FL,32164
6489,5850 NW Bates AVE,Port Saint Lucie,FL,34953
6490,6 KATRINA CT,PALM COAST,FL,32164
6491,67 LINDSAY DR,PALM COAST,FL,32137
6492,6925 HARBOR LN,FORT MYERS,FL,33919
6493,8011 BUCKINGHAM RD,FORT MYERS,FL,33905
6494,9366 VIA MURANO CT,FORT MYERS,FL,33905
6495,9524 HEMINGWAY LN,FORT MYERS,FL,33913
6496,9600 GLADIOLUS BLOSSOM CT,FORT MYERS,FL,33908
6497,9807 SUGARBERRY WAY,FORT MYERS,FL,33905
6498,981 SW Du Bois AVE,Port Saint Lucie,FL,34953
6499,9951 PERIWINKLE PRESERVE LN 204,FORT MYERS,FL,33919
6500,100 GULF BEACH RD,FORT MYERS BEACH,FL,33931
6501,10361 BUTTERFLY PALM DR 727,FORT MYERS,FL,33966
6502,11239 LAKELAND CIR,FORT MYERS,FL,33913
6503,13091 CROSS CREEK BLVD 314,FORT MYERS,FL,33912
6504,13710 RALEIGH LN 4,FORT MYERS,FL,33919
6505,14 EASTGATE LN,PALM COAST,FL,32164
6506,14496 DOLCE VISTA RD 101,FORT MYERS,FL,33908
6507,1520 SE S NIEMEYER CIR,Port Saint Lucie,FL,34953
6508,160 ADRIENNE DR,FORT MYERS,FL,33908
6509,172 BEECHWOOD LN,PALM COAST,FL,32137
6510,18196 HILDA DR,FORT MYERS,FL,33967
6511,18517 WINTER HAVEN RD,FORT MYERS,FL,33967
6512,19615 TESORO WAY,FORT MYERS,FL,33967
6513,2 WHITE HAWK PL,PALM COAST,FL,32164
6514,2110 SE GRAND DR,Port Saint Lucie,FL,34952
6515,2151 ANDREA LN,FORT MYERS,FL,33912
6516,2154 SE SUNFLOWER ST,Port Saint Lucie,FL,34953
6517,2537 SW Chestnut LN,Port Saint Lucie,FL,34953
6518,2620 SE TROPICAL EAST CIR,Port Saint Lucie,FL,34952
6519,3103 MARION ST,FORT MYERS,FL,33916
6520,4 PORT LN,PALM COAST,FL,32164
6521,4042 SW Canrady ST,Port Saint Lucie,FL,34953
6522,46 FISCHER LN,PALM COAST,FL,32137
6523,4835 MAJORCA PALMS DR,FORT MYERS,FL,33905
6524,54 FOLSON LN,PALM COAST,FL,32137
6525,5790 NEAL RD,FORT MYERS,FL,33905
6526,6323 HOFSTRA CT W,FORT MYERS,FL,33919
6527,6449 NW VOLUCIA DR,Port Saint Lucie,FL,34953
6528,7545 MORGAN RD,FORT MYERS,FL,33967
6529,8 WAYMAN PL,PALM COAST,FL,32164
6530,8099 QUEEN PALM LN 221,FORT MYERS,FL,33966
6531,8183 MATANZAS RD,FORT MYERS,FL,33967
6532,830 SW Bellevue AVE,Port Saint Lucie,FL,34953
6533,1002 ROSE AVE,FORT MYERS,FL,33916
6534,1048 8TH ST, OKEECHOBEE,FL,34974
6535,12720 EQUESTRIAN CIR 2704,FORT MYERS,FL,33907
6536,13850 EAGLE RIDGE LAKES DR 202,FORT MYERS,FL,33912
6537,15607 HAGIE DR,FORT MYERS,FL,33908
6538,16466 TIMBERLAKES DR 103,FORT MYERS,FL,33908
6539,1732 SW Castinet LN,Port Saint Lucie,FL,34953
6540,1737 SE MANTH LN,Port Saint Lucie,FL,34953
6541,1961 SE Camden ST,Port Saint Lucie,FL,34953
6542,19681 SUMMERLIN RD 167,FORT MYERS,FL,33908
6543,19681 SUMMERLIN RD 126,FORT MYERS,FL,33908
6544,24 SOUTHLAKE DR,PALM COAST,FL,32137
6545,2502 SE HILLTOP CT,Port Saint Lucie,FL,34953
6546,278 SW Chelsea Terr,Port Saint Lucie,FL,34953
6547,2941 SE TREASURE ISLAND RD,Port Saint Lucie,FL,34953
6548,36 ROBINSON DR,PALM COAST,FL,32164
6549,4560 ESTERO BLVD 501,FORT MYERS BEACH,FL,33931
6550,6740 CADET AVE,FORT MYERS,FL,33905
6551,9265 BELLEZA WAY 201,FORT MYERS,FL,33908
6552,11100 S CLEVELAND AVE,FORT MYERS,FL,33907
6553,12 WHITE OAK LN,PALM COAST,FL,32164
6554,1211 JORDAN LOOP, OKEECHOBEE,FL,34974
6555,1263 HANTON AVE,FORT MYERS,FL,33901
6556,1425/1427 1425/1427 LURA AVE,FORT MYERS,FL,33916
6557,14879 CALEB DR,FORT MYERS,FL,33908
6558,1514 SE ROYAL GREEN CIR 101,Port Saint Lucie,FL,34953
6559,17000 ALICO COMMERCE CT 1600,FORT MYERS,FL,33967
6560,17301 STEPPING STONE DR,FORT MYERS,FL,33967
6561,1800 SW Jamesport DR,Port Saint Lucie,FL,34953
6562,2041 SW MONTERREY LN,Port Saint Lucie,FL,34953
6563,24 PINE GROVE DR,PALM COAST,FL,32164
6564,32 PALMYRA LN,PALM COAST,FL,32164
6565,33 FAIRWAYS CIR,PALM COAST,FL,32137
6566,3425 SW FUNTUNA ST,Port Saint Lucie,FL,34953
6567,3933 SW LAIDLOW ST,Port Saint Lucie,FL,34953
6568,40 FEDERAL LN,PALM COAST,FL,32137
6569,4018 CHERRYBROOK LOOP,FORT MYERS,FL,33966
6570,4740 CASTALIA CT,FORT MYERS,FL,33905
6571,511 SE NOME DR,Port Saint Lucie,FL,34953
6572,5528 SECOND AVE,FORT MYERS,FL,33907
6573,5741 ZIP DR,FORT MYERS,FL,33905
6574,579 NW TWYLITE TERR,Port Saint Lucie,FL,34953
6575,5818 NW GERALD CIR,Port Saint Lucie,FL,34953
6576,7120 BERGAMO WAY 201,FORT MYERS,FL,33966
6577,7300 ESTERO BLVD 201,FORT MYERS BEACH,FL,33931
6578,10154 AVALON LAKE CIR,FORT MYERS,FL,33913
6579,1086 FISHERMAN LN, OKEECHOBEE,FL,34974
6580,1120 SW IVANHOE ST,Port Saint Lucie,FL,34953
6581,12710 EQUESTRIAN CIR 2604,FORT MYERS,FL,33907
6582,15 BEACH HAVEN PKWY,PALM COAST,FL,32137
6583,1507 BERT DR,FORT MYERS,FL,33916
6584,15477 BELLAMAR CIR 2111,FORT MYERS,FL,33908
6585,170 S RIVERWALK DR,PALM COAST,FL,32137
6586,17771 PEPPARD DR,FORT MYERS BEACH,FL,33931
6587,18670 CYPRESS HAVEN DR,FORT MYERS,FL,33908
6588,188 FRANKFORD LN,PALM COAST,FL,32137
6589,19050 S TAMIAMI TRL,FORT MYERS,FL,33908
6590,20 LINDSAY DR,PALM COAST,FL,32137
6591,23 CHEROKEE AVE,PALM COAST,FL,32137
6592,2743 FIRST ST 504,FORT MYERS,FL,33916
6593,290 OHIO AVE,FORT MYERS BEACH,FL,33931
6594,31 SEVEN WONDERS TRL,PALM COAST,FL,32164
6595,323 SW BECKER RD,Port Saint Lucie,FL,34953
6596,40 BROCKTON LN,PALM COAST,FL,32137
6597,4221 ELLIS RD,FORT MYERS,FL,33905
6598,4952 NW MANVILLE DR,Port Saint Lucie,FL,34953
6599,50 PINE CREST LN,PALM COAST,FL,32164
6600,501 NW Argosy AVE,Port Saint Lucie,FL,34953
6601,502 SE SUNNYBROOK TERR,Port Saint Lucie,FL,34953
6602,5085 RUSSELL AVE,FORT MYERS,FL,33919
6603,58 FOSTER LN,PALM COAST,FL,32137
6604,62 FENIMORE LN,PALM COAST,FL,32137
6605,6216 COUGAR RUN 201,FORT MYERS,FL,33908
6606,8176 PACIFIC BEACH DR,FORT MYERS,FL,33966
6607,825 SW NICHOLS TERR,Port Saint Lucie,FL,34953
6608,9251 CENTRAL PARK DR 201,FORT MYERS,FL,33919
6609,10216 YELLOWTOP TRL,FORT MYERS,FL,33905
6610,1362 SE HUFFMAN RD,Port Saint Lucie,FL,34952
6611,14101 S TAMIAMI TRL,FORT MYERS,FL,33912
6612,14178 REFLECTION LAKES DR,FORT MYERS,FL,33907
6613,14320 BRISTOL BAY PL 102,FORT MYERS,FL,33912
6614,1485 MEMOLI LN 13,FORT MYERS,FL,33919
6615,15401 WILL LEW LN,FORT MYERS,FL,33908
6616,17456 ALLENTOWN RD,FORT MYERS,FL,33967
6617,18142 DORAL DR,FORT MYERS,FL,33967
6618,2042 SW Beard ST,Port Saint Lucie,FL,34953
6619,2237 SE MIDTOWN RD,Port Saint Lucie,FL,34953
6620,2458 SE Santos DR,Port Saint Lucie,FL,34952
6621,40 BEACHWAY DR,PALM COAST,FL,32137
6622,419 SW MOLLOY ST,Port Saint Lucie,FL,34953
6623,513 SW NAGLE PL,Port Saint Lucie,FL,34953
6624,5219 NW MILNER DR,Port Saint Lucie,FL,34953
6625,84 ARENA LAKE DR,PALM COAST,FL,32137
6626,8685 MANDERSTON CT,FORT MYERS,FL,33912
6627,1 WHITTING PL,PALM COAST,FL,32164
6628,10115 COLONIAL COUNTRY CLUB BLVD 2110,FORT MYERS,FL,33913
6629,106 SE Rio Casarano,Port Saint Lucie,FL,34984
6630,1081 SW MOCKINGBIRD DR,Port Saint Lucie,FL,34953
6631,12020 NOKOMIS CT,FORT MYERS,FL,33905
6632,1220 SW JERICHO AVE,Port Saint Lucie,FL,34953
6633,12702 DEVONSHIRE LAKES DR,FORT MYERS,FL,33913
6634,12999 MILFORD PL,FORT MYERS,FL,33913
6635,1302 SW HEBNER AVE,Port Saint Lucie,FL,34953
6636,13070 CROSS CREEK CT 508,FORT MYERS,FL,33912
6637,1517 SW HUTCHINS ST,Port Saint Lucie,FL,34953
6638,1525 MYERLEE COUNTRY CLUB BLVD 1,FORT MYERS,FL,33919
6639,1801 SW Capehart AVE,Port Saint Lucie,FL,34953
6640,1840 SW Cameo BLVD,Port Saint Lucie,FL,34953
6641,19681 SUMMERLIN RD 237,FORT MYERS,FL,33908
6642,2055 SE PARKWOOD CIR,Port Saint Lucie,FL,34953
6643,22 FAIRBANK LN,PALM COAST,FL,32137
6644,2473 SW WASHINGTON ST,Port Saint Lucie,FL,34953
6645,258 SW VOLTAIR TERR,Port Saint Lucie,FL,34953
6646,3220 SOUTH ST,FORT MYERS,FL,33916
6647,3244 SW HAMBRICK ST,Port Saint Lucie,FL,34953
6648,399 PALM COAST PKWY SW 403,PALM COAST,FL,32137
6649,4371 LAZIO WAY 701,FORT MYERS,FL,33901
6650,444 SW LOG DR,Port Saint Lucie,FL,34953
6651,4735 PALM BEACH BLVD,FORT MYERS,FL,33905
6652,5218 NW North Lovoy CIR,Port Saint Lucie,FL,34986
6653,6531 NW Chugwater CIR,Port Saint Lucie,FL,34953
6654,70 PITTMAN DR,PALM COAST,FL,32164
6655,7406 LAKE BREEZE DR 613,FORT MYERS,FL,33907
6656,76 FLORIDA PARK DR,PALM COAST,FL,32137
6657,7930 ESTERO BLVD 704,FORT MYERS BEACH,FL,33931
6658,8 ROYALE LN,PALM COAST,FL,32164
6659,8416 BERNWOOD COVE LOOP 1610,FORT MYERS,FL,33966
6660,885 SW Rocky Bayou TER,Port Saint Lucie,FL,34986
6661,89 BRUSHWOOD LN,PALM COAST,FL,32137
6662,924 ORTIZ AVE,FORT MYERS,FL,33905
6663,9300 LAKE PARK DR 205,FORT MYERS,FL,33919
6664,10450 WASHINGTONIA PALM WAY 1427,FORT MYERS,FL,33966
6665,1254 SE NANCY LN,Port Saint Lucie,FL,34953
6666,13885 BALD CYPRESS CIR,FORT MYERS,FL,33907
6667,14071 CHERRYDALE ST,FORT MYERS,FL,33905
6668,14100 AVON PARK CIR,FORT MYERS,FL,33912
6669,14531 LEGENDS BLVD N 306,FORT MYERS,FL,33912
6670,17025 GOLFSIDE CIR 306,FORT MYERS,FL,33908
6671,19139 DOGWOOD RD,FORT MYERS,FL,33967
6672,19681 SUMMERLIN RD 107,FORT MYERS,FL,33908
6673,200 OCEAN CREST DR CM28,PALM COAST,FL,32137
6674,21630 WIDGEON TER,FORT MYERS BEACH,FL,33931
6675,23 WOODLAWN DR,PALM COAST,FL,32164
6676,25 SEPTEMBER PL,PALM COAST,FL,32164
6677,2978 LAFAYETTE ST,FORT MYERS,FL,33916
6678,3165 SW Crenshaw ST,Port Saint Lucie,FL,34953
6679,32 BUTTERNUT DR,PALM COAST,FL,32137
6680,3304 SE GUENEVERE LN D,Port Saint Lucie,FL,34953
6681,3351 ROYAL CANADIAN TRCE 2,FORT MYERS,FL,33907
6682,4491 BAY BEACH LN 134,FORT MYERS BEACH,FL,33931
6683,5228 CEDARBEND DR 1,FORT MYERS,FL,33919
6684,6135 LAURELWOOD DR,FORT MYERS,FL,33905
6685,6354 ST ANDREWS CIR S,FORT MYERS,FL,33919
6686,655 SE FORGAL ST,Port Saint Lucie,FL,34953
6687,774 WILSON AVE,FORT MYERS,FL,33919
6688,7850 LAKE SAWGRASS LOOP 4114,FORT MYERS,FL,33907
6689,989 WITTMAN DR,FORT MYERS,FL,33919
6690,10290 SW Waterway LN,Port Saint Lucie,FL,34987
6691,12314 SECOND ST,FORT MYERS,FL,33905
6692,13850 LAKE MAHOGANY BLVD 311,FORT MYERS,FL,33907
6693,14811 REFLECTION KEY CIR 115,FORT MYERS,FL,33907
6694,16304 CROWN ARBOR WAY 102,FORT MYERS,FL,33908
6695,1725 SW Castinet LN,Port Saint Lucie,FL,34953
6696,19221 PINE RUN LN,FORT MYERS,FL,33967
6697,2093 SW IDAHO LN,Port Saint Lucie,FL,34953
6698,2147 SE Destin DR,Port Saint Lucie,FL,34952
6699,22628 ISLAND PINES WAY 1402,FORT MYERS BEACH,FL,33931
6700,2501 SE ROCK SPRING DR,Port Saint Lucie,FL,34953
6701,3 WINSLOW PL,PALM COAST,FL,32164
6702,3 PROUT PL,PALM COAST,FL,32164
6703,3300 ARMSTRONG CT,FORT MYERS,FL,33916
6704,3524 SW MACON RD,Port Saint Lucie,FL,34953
6705,37 RICHFIELD LN,PALM COAST,FL,32164
6706,43 WESTFORD LN,PALM COAST,FL,32164
6707,4322 BELLARIA WAY,FORT MYERS,FL,33916
6708,60 PINE BROOK DR,PALM COAST,FL,32164
6709,709 ARUNDEL CIR,FORT MYERS,FL,33913
6710,7706 NW Gladwell LN,Port Saint Lucie,FL,34987
6711,8621 FLORES CT,FORT MYERS,FL,33907
6712,9190 SOUTHMONT CV 304,FORT MYERS,FL,33908
6713,105 ELISE DR,FORT MYERS,FL,33908
6714,10675 SW Capraia WAY,Port Saint Lucie,FL,34982
6715,108 CORAL REEF CT N,PALM COAST,FL,32137
6716,1214 SW SAN ESTEBAN AVE,Port Saint Lucie,FL,34953
6717,12429 ROCK RIDGE LN,FORT MYERS,FL,33913
6718,14121 BRANT POINT CIR 1105,FORT MYERS,FL,33919
6719,1433 DAVIS DR,FORT MYERS,FL,33919
6720,14702 TARMAC CT D24,FORT MYERS,FL,33913
6721,1530 SE HOLYROOD LN,Port Saint Lucie,FL,34952
6722,1532/1534 1532/1534 OAK DR,FORT MYERS,FL,33907
6723,16401 KELLY WOODS DR 145,FORT MYERS,FL,33908
6724,1682 SE MARIANA RD,Port Saint Lucie,FL,34953
6725,2126 SE Carnation RD,Port Saint Lucie,FL,34952
6726,2159 SE Olivo CT,Port Saint Lucie,FL,34984
6727,219 MAINE AVE,FORT MYERS,FL,33905
6728,219 SW LUCERO DR,Port Saint Lucie,FL,34953
6729,2797 FIRST ST 1605,FORT MYERS,FL,33916
6730,31 POINT OF WOODS DR,PALM COAST,FL,32164
6731,31 PRESIDENT LN,PALM COAST,FL,32164
6732,3309 SW MUNDY ST,Port Saint Lucie,FL,34953
6733,34 SEA FLOWER PATH,PALM COAST,FL,32164
6734,4183 BAY BEACH LN 325,FORT MYERS BEACH,FL,33931
6735,430 SW SADWICK AVE,Port Saint Lucie,FL,34953
6736,4364 CORTINA CIR,FORT MYERS,FL,33916
6737,4381 LAZIO WAY 502,FORT MYERS,FL,33901
6738,4485 SW Babylon ST,Port Saint Lucie,FL,34953
6739,473 FIGUERA AVE,FORT MYERS,FL,33905
6740,51 PERCY ST,FORT MYERS,FL,33908
6741,515 WOOD AVE,FORT MYERS,FL,33905
6742,5180 JACKSON RD,FORT MYERS,FL,33905
6743,5198 N OCEAN SHORE BLVD,PALM COAST,FL,32137
6744,5852 NW ETHEL CT,Port Saint Lucie,FL,34953
6745,5859 NW Leah DR,Port Saint Lucie,FL,34953
6746,7080 CEDARHURST DR,FORT MYERS,FL,33919
6747,742 SW HAMBERLAND AVE,Port Saint Lucie,FL,34953
6748,7491 SIKA DEER WAY,FORT MYERS,FL,33966
6749,773 SE Academy LN,Port Saint Lucie,FL,34953
6750,8 BIDDING PL,PALM COAST,FL,32137
6751,917 ZANA DR,FORT MYERS,FL,33905
6752,9230 BRAMBLE CT,FORT MYERS,FL,33919
6753,108 SE Rio Casarano,Port Saint Lucie,FL,34984
6754,11018 MILL CREEK WAY 2506,FORT MYERS,FL,33913
6755,126 SE Crosspoint DR,Port Saint Lucie,FL,34953
6756,1261 SE NAVAJO LN,Port Saint Lucie,FL,34953
6757,14511 FARRINGTON WAY 203,FORT MYERS,FL,33912
6758,14881 REFLECTION KEY CIR 1221,FORT MYERS,FL,33907
6759,19 PROVIDENCE LN,PALM COAST,FL,32164
6760,19113 ACORN RD,FORT MYERS,FL,33967
6761,1926 SW LIBRA LN,Port Saint Lucie,FL,34953
6762,2297 SW PICTURE TERR,Port Saint Lucie,FL,34953
6763,23 BURNING BUSH PL,PALM COAST,FL,32137
6764,262 SW TULIP BLVD,Port Saint Lucie,FL,34953
6765,303 SW BECKER RD,Port Saint Lucie,FL,34953
6766,349 SW KESTOR DR,Port Saint Lucie,FL,34953
6767,36 FIRETHORN LN,PALM COAST,FL,32137
6768,43 BOLLING LN,PALM COAST,FL,32137
6769,534 NW RIVERSIDE DR,Port Saint Lucie,FL,34953
6770,537 SW KABOT AVE,Port Saint Lucie,FL,34953
6771,6190 NW Pine Trail CIR,Port Saint Lucie,FL,34983
6772,6519 NW Chugwater CIR,Port Saint Lucie,FL,34953
6773,7513 CAMERON CIR,FORT MYERS,FL,33912
6774,8542 BIG MANGROVE DR,FORT MYERS,FL,33908
6775,1020 SW Colorado AVE,Port Saint Lucie,FL,34953
6776,104 SE Rio Palermo,Port Saint Lucie,FL,34984
6777,10422 SPRUCE PINE CT,FORT MYERS,FL,33913
6778,10498 CAROLINA WILLOW DR,FORT MYERS,FL,33913
6779,10600 MARIE ST,FORT MYERS,FL,33905
6780,11651 CARDIFF DR,FORT MYERS,FL,33908
6781,1180 MAIN ST 3,FORT MYERS BEACH,FL,33931
6782,11956 SW Crestwood CIR,Port Saint Lucie,FL,34987
6783,12530 EQUESTRIAN CIR 403,FORT MYERS,FL,33907
6784,1301 SW HERALD RD,Port Saint Lucie,FL,34953
6785,14241 PRIM POINT LN,FORT MYERS,FL,33919
6786,148 SE Bella Strano,Port Saint Lucie,FL,34984
6787,1483 SAUTERN DR,FORT MYERS,FL,33919
6788,158 SUN CIR,FORT MYERS,FL,33905
6789,16 PEBBLE WOOD LN,PALM COAST,FL,32164
6790,1747 PEBBLE BEACH DR 305,FORT MYERS,FL,33907
6791,18 BICKFORD DR,PALM COAST,FL,32137
6792,18 BROADMORE CIR,PALM COAST,FL,32137
6793,1918 SE OXMOOR TERR,Port Saint Lucie,FL,34953
6794,2042 SW Beauregard ST,Port Saint Lucie,FL,34953
6795,2213 MAIN ST 3,FORT MYERS,FL,33901
6796,2325 SE Calcutta CIR,Port Saint Lucie,FL,34953
6797,2397 SE MASTER AVE,Port Saint Lucie,FL,34953
6798,24 PINEASH LN,PALM COAST,FL,32164
6799,2574 SW NATIONAL CIR,Port Saint Lucie,FL,34953
6800,27 PALERMO LN,PALM COAST,FL,32164
6801,2785 SE Clareton Terr,Port Saint Lucie,FL,34953
6802,323 MONTGOMERY AVE,FORT MYERS,FL,33905
6803,34 PRICE LN,PALM COAST,FL,32164
6804,3419 WINKLER AVE 517,FORT MYERS,FL,33916
6805,450 DONORA BLVD,FORT MYERS BEACH,FL,33931
6806,46 KARAS TRL,PALM COAST,FL,32164
6807,4661 SW MONACO ST,Port Saint Lucie,FL,34953
6808,5450 PARK RD 3,FORT MYERS,FL,33908
6809,6620 ESTERO BLVD 801,FORT MYERS BEACH,FL,33931
6810,6777 WINKLER RD 149,FORT MYERS,FL,33919
6811,80 SURFVIEW DR 702,PALM COAST,FL,32137
6812,8059 QUEEN PALM LN 711,FORT MYERS,FL,33966
6813,8220 ARBORFIELD CT,FORT MYERS,FL,33912
6814,8314 SAN CARLOS BLVD,FORT MYERS,FL,33967
6815,877 SW Rocky Bayou TER,Port Saint Lucie,FL,34986
6816,8936 DORCHESTER ST,FORT MYERS,FL,33907
6817,9399 GLADIOLUS PRESERVE CIR,FORT MYERS,FL,33908
6818,9652 WINDSOR GARDENS LN 103,FORT MYERS,FL,33919
6819,10143 SW Indian Lilac TRL,Port Saint Lucie,FL,34987
6820,11110 HARBOUR YACHT CT 33A,FORT MYERS,FL,33908
6821,115 RIVERVIEW BND S 2121,PALM COAST,FL,32137
6822,12911 KELLY BAY CT,FORT MYERS,FL,33908
6823,13388 LITTLE GEM CIR,FORT MYERS,FL,33913
6824,14 BRISTOL DR,PALM COAST,FL,32137
6825,144 NW Swann Mill CIR,Port Saint Lucie,FL,34986
6826,147 ORANGE HARBOR DR,FORT MYERS,FL,33905
6827,16217 VIA SOLERA CIR 105,FORT MYERS,FL,33908
6828,18017 SW Cozenza WAY,Port Saint Lucie,FL,34986
6829,21431 WIDGEON TER,FORT MYERS BEACH,FL,33931
6830,2273 SE LEITHGOW ST,Port Saint Lucie,FL,34953
6831,24 RIDLEY LN,PALM COAST,FL,32164
6832,2514 SE MARSEILLE ST,Port Saint Lucie,FL,34953
6833,2534 SW GROTTO CIR,Port Saint Lucie,FL,34953
6834,27 SEDGWICK TRL,PALM COAST,FL,32164
6835,3306 SW FRANKFORD ST,Port Saint Lucie,FL,34953
6836,3461 SW EUROPE ST,Port Saint Lucie,FL,34953
6837,4271 LAGG AVE,FORT MYERS,FL,33901
6838,5 SLATE BLUE PL,PALM COAST,FL,32164
6839,5307 SUMMERLIN RD 707,FORT MYERS,FL,33919
6840,6091 ISLAND PARK CT,FORT MYERS,FL,33908
6841,645 OLD SAN CARLOS BLVD 4,FORT MYERS BEACH,FL,33931
6842,681 SW College Park RD,Port Saint Lucie,FL,34953
6843,6961 ST EDMUNDS LOOP,FORT MYERS,FL,33966
6844,7664 CYPRESS WALK DR,FORT MYERS,FL,33966
6845,8140 SAN CARLOS BLVD,FORT MYERS,FL,33967
6846,8810 WOODGATE MANOR CT,FORT MYERS,FL,33908
6847,9033 IRVING RD,FORT MYERS,FL,33967
6848,1025 SW PLACETAS AVE,Port Saint Lucie,FL,34953
6849,1058 SW JENNIFER TERR,Port Saint Lucie,FL,34953
6850,1058 SW Bellevue AVE,Port Saint Lucie,FL,34953
6851,1105 WINDSOR DR,FORT MYERS,FL,33905
6852,1164 LURAY AVE,FORT MYERS,FL,33916
6853,11760 HAMPTON GREENS DR,FORT MYERS,FL,33913
6854,13851 S TAMIAMI TRL,FORT MYERS,FL,33912
6855,14501 GRANDE CAY CIR 2705,FORT MYERS,FL,33908
6856,15 WOOD AMBER LN,PALM COAST,FL,32164
6857,15051 PUNTA RASSA RD 545,FORT MYERS,FL,33908
6858,16007 DAVIS RD 122,FORT MYERS,FL,33908
6859,17610 CAPTIVA ISLAND LN,FORT MYERS,FL,33908
6860,2181 SE WALD ST,Port Saint Lucie,FL,34953
6861,24 REIDSVILLE DR,PALM COAST,FL,32164
6862,3203 MCGREGOR BLVD,FORT MYERS,FL,33901
6863,363 NW Sunview WAY,Port Saint Lucie,FL,34986
6864,4210 STEAMBOAT BEND 201,FORT MYERS,FL,33919
6865,4265 BAY BEACH LN 922,FORT MYERS BEACH,FL,33931
6866,4674 SW Cacao ST,Port Saint Lucie,FL,34953
6867,4905 MAJORCA PALMS DR,FORT MYERS,FL,33905
6868,5135 WHITE SKY CIR,FORT MYERS,FL,33908
6869,61 TIMBERLAND CIR S,FORT MYERS,FL,33919
6870,824 ALDERMAN ST 101,FORT MYERS,FL,33916
6871,8441 GLENFINNAN CIR,FORT MYERS,FL,33912
6872,9083 CYPRESS DR N,FORT MYERS,FL,33967
6873,10 RIVERINA DR,PALM COAST,FL,32164
6874,102 YACHT HARBOR DR 0175,PALM COAST,FL,32137
6875,1062 NW Demedici RD,Port Saint Lucie,FL,34986
6876,11591 FOX SPARROW DR,FORT MYERS,FL,33908
6877,12130 MCGREGOR BLVD,FORT MYERS,FL,33919
6878,125 PINE GROVE DR,PALM COAST,FL,32164
6879,1251 BRUNELL AVE,FORT MYERS,FL,33913
6880,134 SE Fiore Bello,Port Saint Lucie,FL,34953
6881,13501 SIESTA PINES CT 204,FORT MYERS,FL,33908
6882,1615 SE Biddle LN,Port Saint Lucie,FL,34953
6883,1701 SW Cremona ST,Port Saint Lucie,FL,34953
6884,18147 DEEP PASSAGE LN,FORT MYERS BEACH,FL,33931
6885,18221 COLUMBINE RD,FORT MYERS,FL,33967
6886,2009 SE PARROT ST,Port Saint Lucie,FL,34953
6887,201 SW Aldoro PL,Port Saint Lucie,FL,34953
6888,23 SEA SPIRAL PATH,PALM COAST,FL,32164
6889,3 WALDORF PL,PALM COAST,FL,32164
6890,33 FELLOWSHIP DR,PALM COAST,FL,32137
6891,3342 ANTICA ST,FORT MYERS,FL,33905
6892,354 NW Sheffield CIR,Port Saint Lucie,FL,34983
6893,3708 NICK ST,FORT MYERS,FL,33916
6894,389 NW North Macedo BLVD,Port Saint Lucie,FL,34953
6895,39 WOODFIELD DR,PALM COAST,FL,32164
6896,425 SW TULIP BLVD,Port Saint Lucie,FL,34953
6897,556 SW Belmont CIR,Port Saint Lucie,FL,34953
6898,5609 BRIGHTWOOD DR,FORT MYERS,FL,33905
6899,5787 NW ESKIMO CIR,Port Saint Lucie,FL,34953
6900,582 SE NOME DR,Port Saint Lucie,FL,34953
6901,60 FOUNTAIN GATE LN,PALM COAST,FL,32137
6902,926 SW Aviation AVE,Port Saint Lucie,FL,34953
6903,9435 SUNSET HARBOR LN 232,FORT MYERS,FL,33919
6904,1 AVALON LN,PALM COAST,FL,32137
6905,12206 SE Riverbend CT,Port Saint Lucie,FL,34953
6906,12550 LAKE RUN DR,FORT MYERS,FL,33913
6907,12628 FAIRWAY COVE CT,FORT MYERS,FL,33905
6908,12741 KINGSMILL WAY,FORT MYERS,FL,33913
6909,12776 ASTON OAKS DR,FORT MYERS,FL,33912
6910,1400 SE Goldtree DR,Port Saint Lucie,FL,34953
6911,14702 TARMAC CT D5,FORT MYERS,FL,33913
6912,15 SEA TRL,PALM COAST,FL,32164
6913,15060 BRIDGEWAY LN 803,FORT MYERS,FL,33919
6914,15638 CARRIEDALE LN 4,FORT MYERS,FL,33912
6915,16 COMANCHE CT,PALM COAST,FL,32137
6916,17 PINE CIRCLE DR,PALM COAST,FL,32164
6917,17120 BRIDGESTONE CT 105,FORT MYERS,FL,33908
6918,18616 MATANZAS RD,FORT MYERS,FL,33967
6919,23 ROCKING HORSE DR,PALM COAST,FL,32164
6920,2308 SW Woodridge ST,Port Saint Lucie,FL,34953
6921,2467 SW MONTERREY LN,Port Saint Lucie,FL,34953
6922,2498 SW Cooper LN,Port Saint Lucie,FL,34953
6923,302 SW WHITMORE DR,Port Saint Lucie,FL,34953
6924,3225 E RIVERSIDE DR 41,FORT MYERS,FL,33916
6925,48 PORCUPINE DR,PALM COAST,FL,32164
6926,5277 WHITE SKY CIR,FORT MYERS,FL,33908
6927,573 NW GOLDCOAST AVE,Port Saint Lucie,FL,34953
6928,6 OXFORD LN,PALM COAST,FL,32137
6929,6360 CORPORATE PARK CIR 6,FORT MYERS,FL,33966
6930,666 SW MILLARD DR,Port Saint Lucie,FL,34953
6931,80 SURFVIEW DR 519,PALM COAST,FL,32137
6932,8874 FALCON POINTE LOOP,FORT MYERS,FL,33912
6933,9 PINE BLUFF LN,PALM COAST,FL,32164
6934,9321 VITTORIA CT,FORT MYERS,FL,33912
6935,9361 ALAMANDER CT 404,FORT MYERS,FL,33919
6936,1051 SE EUCLID LN,Port Saint Lucie,FL,34953
6937,10525 WINE PALM RD,FORT MYERS,FL,33966
6938,11000 BALLWEG LN,FORT MYERS,FL,33908
6939,12670 STONE TOWER LOOP,FORT MYERS,FL,33913
6940,12937 FIFTH ST,FORT MYERS,FL,33905
6941,13061 PEBBLEBROOK POINT CIR 102,FORT MYERS,FL,33905
6942,18244/248 18244/248 MORGAN DR,FORT MYERS,FL,33967
6943,202 SE VERADA AVE,Port Saint Lucie,FL,34953
6944,2274 SW NATEMA RD,Port Saint Lucie,FL,34953
6945,242 S RIVERWALK DR,PALM COAST,FL,32137
6946,25 LAGO VISTA PL,PALM COAST,FL,32164
6947,274 PARKVIEW DR,PALM COAST,FL,32164
6948,3140 ST CHARLES ST,FORT MYERS,FL,33916
6949,400 LENELL RD 104,FORT MYERS BEACH,FL,33931
6950,4661 LAKESIDE CLUB BLVD 16,FORT MYERS,FL,33905
6951,53 BRUNSWICK LN,PALM COAST,FL,32137
6952,549 SE Fallon DR,Port Saint Lucie,FL,34953
6953,7111 GOLDEN EAGLE CT 514,FORT MYERS,FL,33912
6954,8330 BEACON BLVD,FORT MYERS,FL,33907
6955,8387 LANGSHIRE WAY,FORT MYERS,FL,33912
6956,11 RADIUM LN,PALM COAST,FL,32164
6957,12563 FLAMINGO DR,FORT MYERS,FL,33908
6958,12724 NW Milestone PL,Port Saint Lucie,FL,34987
6959,13 CHEROKEE CT W,PALM COAST,FL,32137
6960,14 WESTBURY LN,PALM COAST,FL,32164
6961,14051 BRANT POINT CIR 8302,FORT MYERS,FL,33919
6962,14380 RIVA DEL LAGO DR 901,FORT MYERS,FL,33907
6963,1441 SW Del Rio BLVD,Port Saint Lucie,FL,34953
6964,2111 SE MIDTOWN RD,Port Saint Lucie,FL,34953
6965,2127/2129 2127/2129 GRACE AVE,FORT MYERS,FL,33901
6966,2262 SE HOLLAND ST,Port Saint Lucie,FL,34953
6967,2442 GORHAM AVE,FORT MYERS,FL,33907
6968,27 FLEETWOOD DR,PALM COAST,FL,32137
6969,28 PEPPERCORN LN,PALM COAST,FL,32164
6970,2841 SW ROSSER BLVD,Port Saint Lucie,FL,34953
6971,304 QUEENS DR,FORT MYERS,FL,33905
6972,3725 SW KASIN ST,Port Saint Lucie,FL,34953
6973,4678 ELEVATION WAY,FORT MYERS,FL,33905
6974,5480 FIDDLELEAF DR,FORT MYERS,FL,33905
6975,6427 BRIARWOOD TER,FORT MYERS,FL,33912
6976,671 SW MCCRACKEN AVE,Port Saint Lucie,FL,34953
6977,7134 COLUMBIA CIR E,FORT MYERS,FL,33908
6978,736 SW Rocky Bayou TER,Port Saint Lucie,FL,34986
6979,7873 GO CANES WAY,FORT MYERS,FL,33966
6980,809 SW HAAS AVE,Port Saint Lucie,FL,34953
6981,1140 MARSH AVE,FORT MYERS,FL,33905
6982,1221 SW Aragon AVE,Port Saint Lucie,FL,34953
6983,13013 FOURTH ST,FORT MYERS,FL,33905
6984,13356 FOURTH ST,FORT MYERS,FL,33905
6985,14 ROLLER LN,PALM COAST,FL,32164
6986,1450 SE GRAPELAND ST,Port Saint Lucie,FL,34953
6987,15166 PARKSIDE DR 203,FORT MYERS,FL,33908
6988,1631 SE KESTWICK CT,Port Saint Lucie,FL,34953
6989,193 NW Willow Grove AVE,Port Saint Lucie,FL,34986
6990,2065 SE WILD MEADOW CIR 108,Port Saint Lucie,FL,34953
6991,2452 SE SAPELO AVE,Port Saint Lucie,FL,34953
6992,33 SECOND PATH,PALM COAST,FL,32164
6993,401 SE JUSTINE TERR,Port Saint Lucie,FL,34953
6994,4167 CASTILLA CIR 103,FORT MYERS,FL,33916
6995,42 ROCKING HORSE DR,PALM COAST,FL,32164
6996,4693 BLACKBERRY DR,FORT MYERS,FL,33905
6997,495 NW ENTERPRISE DR,Port Saint Lucie,FL,34953
6998,5034 HARBORTOWN LN,FORT MYERS,FL,33919
6999,522 SE VOLTAIR TERR,Port Saint Lucie,FL,34953
7000,5317 SUMMERLIN RD 1711,FORT MYERS,FL,33919
7001,6150 DIAMOND CENTRE CT 700,FORT MYERS,FL,33912
7002,6300 LONGHORN TRL,FORT MYERS,FL,33905
7003,8326 BERNWOOD COVE LOOP 902,FORT MYERS,FL,33966
7004,92 RICKENBACKER DR,PALM COAST,FL,32164
7005,11 CAYUGA CT,PALM COAST,FL,32137
7006,11 ISLAND ESTATES PKWY,PALM COAST,FL,32137
7007,11 NEW OAK LEAF DR,PALM COAST,FL,32137
7008,11104 SEA TROPIC LN,FORT MYERS,FL,33908
7009,11485 WATERFORD VILLAGE DR,FORT MYERS,FL,33913
7010,1168 LAKE MCGREGOR DR 1B,FORT MYERS,FL,33919
7011,120 BELLE TERRE PKWY,PALM COAST,FL,32164
7012,12011 GATEWAY BLVD,FORT MYERS,FL,33913
7013,13 LEAF LN,PALM COAST,FL,32137
7014,1402 SW EDINBURGH DR,Port Saint Lucie,FL,34953
7015,15421 THORNTON RD,FORT MYERS,FL,33908
7016,1581 SE Ardella CT,Port Saint Lucie,FL,34952
7017,1672 SW Bellevue AVE,Port Saint Lucie,FL,34953
7018,17040 WILLOWCREST WAY 209,FORT MYERS,FL,33908
7019,1911 SUNSET PL,FORT MYERS,FL,33901
7020,19681 SUMMERLIN RD 303,FORT MYERS,FL,33908
7021,2 WELLHAM LN,PALM COAST,FL,32164
7022,20 BENNETT LN,PALM COAST,FL,32137
7023,21 SEATON VALLEY PATH,PALM COAST,FL,32164
7024,2488 SE Chalreston DR,Port Saint Lucie,FL,34953
7025,30 BLYTH PL,PALM COAST,FL,32137
7026,341 SHORELAND DR,FORT MYERS,FL,33905
7027,4 BUTTERMILL DR,PALM COAST,FL,32137
7028,4160 CASTILLA CIR 103,FORT MYERS,FL,33916
7029,5221 PINELAND DAISY TRL,FORT MYERS,FL,33905
7030,5482 NW Cambo CT,Port Saint Lucie,FL,34953
7031,6142 HEPNER AVE,FORT MYERS,FL,33905
7032,6454 NW Colgate ST,Port Saint Lucie,FL,34953
7033,65 S RIVERWALK DR,PALM COAST,FL,32137
7034,6588 OLD A1A N,PALM COAST,FL,32137
7035,8421 BRITTANIA DR,FORT MYERS,FL,33912
7036,8492 SOUTHWIND BAY CIR,FORT MYERS,FL,33908
7037,1017 SW Aswan AVE,Port Saint Lucie,FL,34953
7038,10660 MCGREGOR BLVD,FORT MYERS,FL,33919
7039,1342 FOURTH ST,FORT MYERS,FL,33905
7040,1500 POPHAM DR A17,FORT MYERS,FL,33919
7041,15064 CLOVERDALE DR,FORT MYERS,FL,33919
7042,1542 NW Amherst DR,Port Saint Lucie,FL,34986
7043,156 LONDON DR,PALM COAST,FL,32137
7044,16 CENTRAL PL,PALM COAST,FL,32137
7045,16080 DUBLIN CIR 6,FORT MYERS,FL,33908
7046,16615 LAKE CIRCLE DR 444,FORT MYERS,FL,33908
7047,17044 GOLFSIDE CIR 903,FORT MYERS,FL,33908
7048,1780 PINE GLADE CIR,FORT MYERS,FL,33907
7049,18405 SUNFLOWER RD,FORT MYERS,FL,33967
7050,1932 SW EMBER ST,Port Saint Lucie,FL,34953
7051,2065 SE Caliph ST,Port Saint Lucie,FL,34953
7052,225 SW TULIP BLVD,Port Saint Lucie,FL,34953
7053,2264 WINKLER AVE 308,FORT MYERS,FL,33901
7054,2401 MCGREGOR PARK CIR,FORT MYERS,FL,33908
7055,25 SHINNECOCK DR,PALM COAST,FL,32137
7056,28 PALMVIEW BLVD,FORT MYERS BEACH,FL,33931
7057,4 FLORENCE CT,PALM COAST,FL,32137
7058,4262 SW OBLIQUE ST,Port Saint Lucie,FL,34953
7059,4689 SW TACOMA ST,Port Saint Lucie,FL,34953
7060,525 SW LACONIC AVE,Port Saint Lucie,FL,34953
7061,5431 NW Arrowhead TER,Port Saint Lucie,FL,34953
7062,5882 NW Cincy CT,Port Saint Lucie,FL,34953
7063,6225 DEER RUN,FORT MYERS,FL,33908
7064,63 WELLSTREAM LN,PALM COAST,FL,32164
7065,6451 ARC WAY,FORT MYERS,FL,33966
7066,679 SW SANDBAR TERR,Port Saint Lucie,FL,34953
7067,7 S RIVERWALK DR,PALM COAST,FL,32137
7068,8033 TIGER PALM WAY,FORT MYERS,FL,33966
7069,85 AVENUE DE LA MER 804,PALM COAST,FL,32137
7070,875 SW Rocky Bayou TER,Port Saint Lucie,FL,34986
7071,10 LONDON DR,PALM COAST,FL,32137
7072,11656 STONECREEK CIR,FORT MYERS,FL,33913
7073,13103 REGENT CIR,FORT MYERS,FL,33966
7074,13250 PALM BEACH BLVD,FORT MYERS,FL,33905
7075,1358 S BRANDYWINE CIR 2,FORT MYERS,FL,33919
7076,14101 CHANCELLOR ST,FORT MYERS,FL,33905
7077,1514 SW Crater AVE,Port Saint Lucie,FL,34953
7078,1514 SE Collette CIR,Port Saint Lucie,FL,34953
7079,1594/1596 1594/1596 CYPRESS DR,FORT MYERS,FL,33907
7080,160 CYPRESS POINT PKWY C111,PALM COAST,FL,32164
7081,1740 PINE VALLEY DR 207,FORT MYERS,FL,33907
7082,1799 SW Via Laura,Port Saint Lucie,FL,34953
7083,18 LA MANCHA DR,PALM COAST,FL,32137
7084,19 WATERMILL PL,PALM COAST,FL,32164
7085,2026 SW LIBRA LN,Port Saint Lucie,FL,34953
7086,21 WELLWOOD LN,PALM COAST,FL,32164
7087,242 SW Yager PL,Port Saint Lucie,FL,34953
7088,2489 SE STONECROP ST,Port Saint Lucie,FL,34953
7089,2682 SHRIVER DR,FORT MYERS,FL,33901
7090,2997/2999 2997/2999 MEADOW AVE,FORT MYERS,FL,33901
7091,3026 SE Bur ST,Port Saint Lucie,FL,34953
7092,315 NE Brasher CT,Port Saint Lucie,FL,34953
7093,337 SW THORNHILL DR,Port Saint Lucie,FL,34953
7094,3640 WORK DR,FORT MYERS,FL,33916
7095,3721 BELL ST,FORT MYERS,FL,33916
7096,40 BOTANY LN,PALM COAST,FL,32137
7097,432 NW Boundary DR,Port Saint Lucie,FL,34986
7098,4472 SW PALEY RD,Port Saint Lucie,FL,34953
7099,5 SLIPPER FLOWER PT,PALM COAST,FL,32164
7100,52 SEMINOLE CT,FORT MYERS,FL,33916
7101,5624/5626 5624/5626 SIXTH AVE,FORT MYERS,FL,33907
7102,600 CANOPY WALK LN 613,PALM COAST,FL,32137
7103,6484 ROYAL WOODS DR,FORT MYERS,FL,33908
7104,715 SW Munjack CIR,Port Saint Lucie,FL,34986
7105,815 ZANA DR,FORT MYERS,FL,33905
7106,9930 SAILVIEW CT 13,FORT MYERS,FL,33905
7107,10064 SW Oak Tree CIR,Port Saint Lucie,FL,34987
7108,10610 TIRANO CT,FORT MYERS,FL,33913
7109,1199 SW Bayamo AVE,Port Saint Lucie,FL,34953
7110,12506 ASTOR PL,FORT MYERS,FL,33913
7111,13719 BRYNWOOD LN,FORT MYERS,FL,33912
7112,14961 HOLE IN ONE CIR 306,FORT MYERS,FL,33919
7113,14961 HOLE IN ONE CIR 302,FORT MYERS,FL,33919
7114,15051 PUNTA RASSA RD 537,FORT MYERS,FL,33908
7115,17 POST LN,PALM COAST,FL,32164
7116,181 BOULDER ROCK DR,PALM COAST,FL,32137
7117,1841 SW Day ST,Port Saint Lucie,FL,34953
7118,191 ISLAND ESTATES PKWY,PALM COAST,FL,32137
7119,2481 SE HALLAHAN ST,Port Saint Lucie,FL,34953
7120,2502 SW INDEPENDENCE RD,Port Saint Lucie,FL,34953
7121,292 DILLARD AVE,FORT MYERS,FL,33908
7122,35 RIVERVIEW BND S 1836,PALM COAST,FL,32137
7123,402 NW Sheffield CIR,Port Saint Lucie,FL,34983
7124,4083 SW KAMSLER ST,Port Saint Lucie,FL,34953
7125,51 WATERFRONT PARK RD,PALM COAST,FL,32137
7126,535/545 535/545 ADAMS AVE,FORT MYERS,FL,33905
7127,5715 NW Jigsaw CT,Port Saint Lucie,FL,34953
7128,6112 NW Argyll LN,Port Saint Lucie,FL,34983
7129,6220 AUGUSTA DR 104,FORT MYERS,FL,33907
7130,6524 KESTREL CIR,FORT MYERS,FL,33966
7131,6672 CANTON ST,FORT MYERS,FL,33966
7132,7 ZOELLER CT,PALM COAST,FL,32164
7133,85 FELWOOD LN,PALM COAST,FL,32137
7134,8550 KINGBIRD LOOP 634,FORT MYERS,FL,33967
7135,9192 SHADDOCK RD E,FORT MYERS,FL,33967
7136,10064 SW Stonegate DR,Port Saint Lucie,FL,34987
7137,1087 SW FENWAY RD,Port Saint Lucie,FL,34953
7138,10905 STONINGTON AVE,FORT MYERS,FL,33913
7139,1201 NW SUN TERRACE CIR 3D,Port Saint Lucie,FL,34953
7140,12521 JASMINE DR,FORT MYERS,FL,33908
7141,1477 SW MEDINA AVE,Port Saint Lucie,FL,34953
7142,15051 PUNTA RASSA RD 405,FORT MYERS,FL,33908
7143,16 VISCAYA DR,PALM COAST,FL,32137
7144,16500 KELLY COVE DR 2877,FORT MYERS,FL,33908
7145,173 NW Lawton RD,Port Saint Lucie,FL,34986
7146,18437 HUCKLEBERRY RD,FORT MYERS,FL,33967
7147,19501 BOWRING PARK RD 105,FORT MYERS,FL,33967
7148,20 SEMINOLE CT,FORT MYERS,FL,33916
7149,2237 SE WALD ST,Port Saint Lucie,FL,34953
7150,2650 ESTERO BLVD 303,FORT MYERS BEACH,FL,33931
7151,2875 PALM BEACH BLVD 503,FORT MYERS,FL,33916
7152,315 HIBISCUS WAY,PALM COAST,FL,32137
7153,32 SCARLET OAK CIR,PALM COAST,FL,32137
7154,3345 SW FRANKFORD ST,Port Saint Lucie,FL,34953
7155,3635 PINE OAK CIR 104,FORT MYERS,FL,33916
7156,371 SE VOLTAIR TERR,Port Saint Lucie,FL,34953
7157,4295 ISLAND CIR 2,FORT MYERS,FL,33919
7158,4421 SEMINOLE ST,FORT MYERS,FL,33905
7159,5811 NW Breezy Brook CT,Port Saint Lucie,FL,34953
7160,6118 DEER RUN,FORT MYERS,FL,33908
7161,70 PIEDMONT DR,PALM COAST,FL,32164
7162,7100 ESTERO BLVD 906,FORT MYERS BEACH,FL,33931
7163,7400 ESTERO BLVD 313,FORT MYERS BEACH,FL,33931
7164,8350 ESTERO BLVD 531,FORT MYERS BEACH,FL,33931
7165,87 FLEETWOOD DR,PALM COAST,FL,32137
7166,9084 PROSPERITY WAY,FORT MYERS,FL,33913
7167,9301 CENTRAL PARK DR 206,FORT MYERS,FL,33919
7168,1 WESTROBIN LN,PALM COAST,FL,32164
7169,10421 MCGREGOR BLVD,FORT MYERS,FL,33919
7170,10435 MIGLIERA WAY,FORT MYERS,FL,33913
7171,11365 CYPRESS LN,FORT MYERS BEACH,FL,33931
7172,11509 GREY EGRET CIR,FORT MYERS,FL,33966
7173,12 CORDOBA CT,PALM COAST,FL,32137
7174,12215 SIESTA DR,FORT MYERS BEACH,FL,33931
7175,1233 GOLDEN LAKE RD,FORT MYERS,FL,33905
7176,13548 LITTLE GEM CIR,FORT MYERS,FL,33913
7177,1638 SW MACKENZIE ST,Port Saint Lucie,FL,34953
7178,17030 ALICO COMMERCE CT 3700,FORT MYERS,FL,33967
7179,1912 SW SAGA ST,Port Saint Lucie,FL,34953
7180,21 ZONAL GERANIUM TRL,PALM COAST,FL,32164
7181,21 FAYETTE LN,PALM COAST,FL,32137
7182,2534 SE HAMDEN RD,Port Saint Lucie,FL,34953
7183,28320 TERRAZZA LN, NAPLES,FL,34110
7184,289 SE Via Sangro,Port Saint Lucie,FL,34952
7185,2934 BROADWAY,FORT MYERS,FL,33901
7186,3301 PRINCE EDWARD ISLAND CIR 1,FORT MYERS,FL,33907
7187,466 TYRONE AVE,FORT MYERS,FL,33905
7188,5094 NORTHAMPTON DR,FORT MYERS,FL,33919
7189,56 WALKER DR,PALM COAST,FL,32164
7190,6139 NW East Deville CIR,Port Saint Lucie,FL,34953
7191,6150 DIAMOND CENTRE CT 1200,FORT MYERS,FL,33912
7192,6300 SOUTH POINTE BLVD 442,FORT MYERS,FL,33919
7193,6400 ESTERO BLVD 601,FORT MYERS BEACH,FL,33931
7194,6655 ESTERO BLVD 216,FORT MYERS BEACH,FL,33931
7195,791 CAL COVE DR,FORT MYERS,FL,33919
7196,8 RANDALL PL,PALM COAST,FL,32164
7197,832 SW Andrew RD,Port Saint Lucie,FL,34953
7198,106 NE TWYLITE TERR,Port Saint Lucie,FL,34953
7199,11 AVENUE DE LA MER 1302,PALM COAST,FL,32137
7200,12011 NOKOMIS CT,FORT MYERS,FL,33905
7201,12551 EQUESTRIAN CIR 705,FORT MYERS,FL,33907
7202,12756 KEDLESTON CIR,FORT MYERS,FL,33912
7203,129 BAYSIDE DR,PALM COAST,FL,32137
7204,132 SW STARFISH AVE,Port Saint Lucie,FL,34953
7205,14830 CALUSA PALMS DR 201,FORT MYERS,FL,33919
7206,1548 SW MOCKINGBIRD CIR,Port Saint Lucie,FL,34953
7207,15621 CARRIEDALE LN,FORT MYERS,FL,33912
7208,1701 SW Cashmere BLVD,Port Saint Lucie,FL,34953
7209,18 LAMOYNE LN,PALM COAST,FL,32137
7210,18021 PHLOX DR,FORT MYERS,FL,33967
7211,2016 SE KILMALLIE CT,Port Saint Lucie,FL,34952
7212,2084 SW Catalina Terr,Port Saint Lucie,FL,34953
7213,2120-2124 2120-2124 CARRELL RD,FORT MYERS,FL,33901
7214,2270 SW IMPORT DR,Port Saint Lucie,FL,34953
7215,2926 SW Coastal Terr,Port Saint Lucie,FL,34953
7216,3 LOUISIANA DR,PALM COAST,FL,32137
7217,3135 BLOUNT ST,FORT MYERS,FL,33916
7218,346 UNDERWOOD TRL,PALM COAST,FL,32164
7219,3742 KENYON ST,FORT MYERS,FL,33905
7220,394 NW Sheffield CIR,Port Saint Lucie,FL,34983
7221,4448 SW IDLEWILD ST,Port Saint Lucie,FL,34953
7222,4638 SW Caisson ST,Port Saint Lucie,FL,34953
7223,5362 NW East Paden CIR,Port Saint Lucie,FL,34986
7224,6887 NW Brookhaven AVE,Port Saint Lucie,FL,34953
7225,6998 HIGHLAND PARK CIR,FORT MYERS,FL,33966
7226,80 SURFVIEW DR 316,PALM COAST,FL,32137
7227,8681 CYPRESS LAKE DR,FORT MYERS,FL,33919
7228,116 SE Mira Lavella,Port Saint Lucie,FL,34984
7229,1191 SW LAWNDALE AVE,Port Saint Lucie,FL,34953
7230,134 ISLAND ESTATES PKWY,PALM COAST,FL,32137
7231,1350 MELALEUCA LN,FORT MYERS,FL,33901
7232,14 RIPPLING PL,PALM COAST,FL,32164
7233,1424 SE SUNSHINE AVE,Port Saint Lucie,FL,34953
7234,1681 LONG MEADOW RD,FORT MYERS,FL,33919
7235,1791 SW Beeker ST,Port Saint Lucie,FL,34953
7236,187 ERIC DR,PALM COAST,FL,32164
7237,30 RYDELL LN,PALM COAST,FL,32164
7238,3051 HANSON ST,FORT MYERS,FL,33916
7239,33 FERNMILL LN,PALM COAST,FL,32137
7240,36 PORCUPINE DR,PALM COAST,FL,32164
7241,3996 SW HELMLINGER ST,Port Saint Lucie,FL,34953
7242,458 NW Concord DR,Port Saint Lucie,FL,34953
7243,53 FARRAGUT DR,PALM COAST,FL,32137
7244,5520 WHISPERING WILLOW WAY,FORT MYERS,FL,33908
7245,5656 NW Crocus AVE,Port Saint Lucie,FL,34953
7246,577 KEENAN AVE,FORT MYERS,FL,33919
7247,67 PALMWOOD DR,PALM COAST,FL,32164
7248,7824 EAGLES FLIGHT LN,FORT MYERS,FL,33912
7249,7930 ESTERO BLVD 606,FORT MYERS BEACH,FL,33931
7250,838 SE PROCTOR LN,Port Saint Lucie,FL,34953
7251,1 FORGE LN,PALM COAST,FL,32137
7252,11 HOLLY RD,PALM COAST,FL,32137
7253,12 PORT ECHO LN,PALM COAST,FL,32164
7254,131 NE ROYCE AVE,Port Saint Lucie,FL,34953
7255,13442 ONION CREEK CT,FORT MYERS,FL,33912
7256,1412 SAN JUAN AVE,FORT MYERS,FL,33901
7257,14513 ABACO LAKES DR 204,FORT MYERS,FL,33908
7258,15170 FLIGHTLINE CT,FORT MYERS,FL,33905
7259,16031 S PEBBLE LN,FORT MYERS,FL,33912
7260,16501 BAYLEAF LN 81,FORT MYERS,FL,33908
7261,1774 SE MINORCA ST,Port Saint Lucie,FL,34953
7262,1787 SW Porta Nuova Terr,Port Saint Lucie,FL,34953
7263,274 SW EYERLY AVE,Port Saint Lucie,FL,34953
7264,37 PRINCESS RUTH LN,PALM COAST,FL,32164
7265,37 FENWOOD LN,PALM COAST,FL,32137
7266,41 RYECROFT LN,PALM COAST,FL,32164
7267,411 SW Byron ST,Port Saint Lucie,FL,34953
7268,4551 BAY BEACH LN 251,FORT MYERS BEACH,FL,33931
7269,501 NW Avens ST,Port Saint Lucie,FL,34953
7270,508 NW Blue Lake DR,Port Saint Lucie,FL,34986
7271,549 NW SHERBROOKE AVE,Port Saint Lucie,FL,34953
7272,55 BOXWOOD LN,PALM COAST,FL,32137
7273,61 BURNELL DR,PALM COAST,FL,32137
7274,6136 WHISKEY CREEK DR 525,FORT MYERS,FL,33919
7275,7051 BERGAMO WAY 202,FORT MYERS,FL,33966
7276,7170 TULANE DR,FORT MYERS,FL,33908
7277,8110 SOUTH WOODS CIR 2,FORT MYERS,FL,33919
7278,92 RYBERRY DR,PALM COAST,FL,32164
7279,9670 CASA MAR CIR,FORT MYERS,FL,33919
7280,9765 DEERFOOT DR,FORT MYERS,FL,33919
7281,9818 SW Eastbrook CIR,Port Saint Lucie,FL,34987
7282,10591 SW Sarah WAY,Port Saint Lucie,FL,34987
7283,10956 GLENHURST ST,FORT MYERS,FL,33913
7284,1183 SE PRESTON LN,Port Saint Lucie,FL,34953
7285,12610 EQUESTRIAN CIR 1613,FORT MYERS,FL,33907
7286,12734 KENWOOD LN 33,FORT MYERS,FL,33907
7287,1560 MATTHEW DR D,FORT MYERS,FL,33907
7288,17212 CANE RD,FORT MYERS,FL,33967
7289,17500 INGRAM RD,FORT MYERS,FL,33967
7290,18024 DORAL DR,FORT MYERS,FL,33967
7291,181 BIRCHWOOD DR,PALM COAST,FL,32137
7292,1848 LAFAYETTE ST,FORT MYERS,FL,33901
7293,1958 SE Avanti CIR,Port Saint Lucie,FL,34953
7294,2222 SE Montrose LN,Port Saint Lucie,FL,34952
7295,2482 SE DRAYTON RD,Port Saint Lucie,FL,34953
7296,253 SW KENTWOOD RD,Port Saint Lucie,FL,34953
7297,2545 SW GALIANO RD,Port Saint Lucie,FL,34953
7298,2745 FIRST ST 2701,FORT MYERS,FL,33916
7299,292 SW BECKER RD,Port Saint Lucie,FL,34953
7300,3200 SHADY BEND WAY,FORT MYERS,FL,33905
7301,34 SELBORNE PATH,PALM COAST,FL,32164
7302,4 RAEMOND LN,PALM COAST,FL,32164
7303,460 SW KESTOR DR,Port Saint Lucie,FL,34953
7304,56 CLUB HOUSE DR 207,PALM COAST,FL,32137
7305,5608/5610 5608/5610 SIXTH AVE,FORT MYERS,FL,33907
7306,5619 LEWIS ST,FORT MYERS BEACH,FL,33931
7307,6555 SAND SPUR LN,FORT MYERS,FL,33919
7308,825 JARMILLA LN,FORT MYERS,FL,33905
7309,85 HERON DR,PALM COAST,FL,32137
7310,8537 CHARTER CLUB CIR 7,FORT MYERS,FL,33919
7311,8670 FRANCHI BLVD,FORT MYERS,FL,33919
7312,8771 ESTERO BLVD 1107,FORT MYERS BEACH,FL,33931
7313,1 DRIFTWOOD LN,PALM COAST,FL,32137
7314,10 EDGEWATER PL,PALM COAST,FL,32164
7315,10 KINGS COLONY CT N,PALM COAST,FL,32137
7316,10320 SW Stephanie WAY 7-201,Port Saint Lucie,FL,34987
7317,11640 MARINO CT 407,FORT MYERS,FL,33908
7318,1256 BRUNELL AVE,FORT MYERS,FL,33913
7319,133 SE Via Lago Cervaro,Port Saint Lucie,FL,34953
7320,13761 SILVER LAKE CT,FORT MYERS,FL,33912
7321,14561 GLEN COVE DR 901,FORT MYERS,FL,33919
7322,15 PINE HAVEN DR,PALM COAST,FL,32164
7323,16 SELLNER PL,PALM COAST,FL,32164
7324,17546 CYPRESS POINT RD,FORT MYERS,FL,33967
7325,1926 SE REDWING CIR,Port Saint Lucie,FL,34953
7326,24 WELLWATER DR,PALM COAST,FL,32164
7327,2445 PARKWAY ST,FORT MYERS,FL,33901
7328,2844 SE MELALEUCA BLVD,Port Saint Lucie,FL,34953
7329,298 OHIO AVE,FORT MYERS BEACH,FL,33931
7330,4471 BAY BEACH LN 324,FORT MYERS BEACH,FL,33931
7331,5 BROADWAY CIR,FORT MYERS,FL,33901
7332,75 BEAVERDAM LN,PALM COAST,FL,32137
7333,8056 QUEEN PALM LN 645,FORT MYERS,FL,33966
7334,8461 TRILLIUM RD,FORT MYERS,FL,33967
7335,899 SW Grand Reserve BLVD,Port Saint Lucie,FL,34986
7336,9201 BAYBERRY BND 201,FORT MYERS,FL,33908
7337,1 SERENE PL,PALM COAST,FL,32164
7338,1097 SW MATARO AVE,Port Saint Lucie,FL,34953
7339,1103 SE MCFARLANE AVE,Port Saint Lucie,FL,34953
7340,12847 TIMBER RIDGE DR,FORT MYERS,FL,33913
7341,14081 BENTLY CIR,FORT MYERS,FL,33912
7342,15607 BEACH PEBBLE WAY,FORT MYERS,FL,33908
7343,16328 WILLOWCREST WAY,FORT MYERS,FL,33908
7344,1751 MARLYN RD,FORT MYERS,FL,33901
7345,1825 SW LOFGREN AVE,Port Saint Lucie,FL,34953
7346,1826 SW Bellevue AVE,Port Saint Lucie,FL,34953
7347,2177 SE Fern Park DR,Port Saint Lucie,FL,34952
7348,277 YACHT HARBOR DR,PALM COAST,FL,32137
7349,281 SW Dalton CIR,Port Saint Lucie,FL,34953
7350,314 PALM COAST PKWY NE 201,PALM COAST,FL,32137
7351,4192 BAY BEACH LN 831,FORT MYERS BEACH,FL,33931
7352,450 OLD SAN CARLOS BLVD G108,FORT MYERS BEACH,FL,33931
7353,64 CORTEZ WAY,FORT MYERS BEACH,FL,33931
7354,6810 MOSSY GLEN DR,FORT MYERS,FL,33908
7355,7 KAFFIR LILY PL,PALM COAST,FL,32164
7356,9484 RIVER OTTER DR,FORT MYERS,FL,33912
7357,9545 MARINERS COVE LN,FORT MYERS,FL,33919
7358,97 BLACKSTONE DR,FORT MYERS,FL,33913
7359,1 LAMOUR LN,PALM COAST,FL,32137
7360,10 WOOD CREST LN,PALM COAST,FL,32164
7361,10 WASSON PL,PALM COAST,FL,32164
7362,11460 CARAVEL CIR 5001,FORT MYERS,FL,33908
7363,11870 ROSEMOUNT DR,FORT MYERS,FL,33913
7364,12172 SIESTA DR,FORT MYERS BEACH,FL,33931
7365,13 ROCKEFELLER DR,PALM COAST,FL,32164
7366,1305 SW GASTADOR AVE,Port Saint Lucie,FL,34953
7367,13191 OAKMONT DR 5,FORT MYERS,FL,33907
7368,139 NE FATIMA TERR,Port Saint Lucie,FL,34953
7369,14489 LAGUNA DR,FORT MYERS,FL,33908
7370,16279 CUTTERS CT,FORT MYERS,FL,33908
7371,163 NW Swann Mill CIR,Port Saint Lucie,FL,34986
7372,16650 PARTRIDGE PLACE RD 202,FORT MYERS,FL,33908
7373,200 ESTERO BLVD P11,FORT MYERS BEACH,FL,33931
7374,215 NW Liseron WAY,Port Saint Lucie,FL,34986
7375,2218 SE PEAR LN,Port Saint Lucie,FL,34953
7376,2642 SE Ibis AVE,Port Saint Lucie,FL,34953
7377,3581 CEDAR HAMMOCK VIEW CT,FORT MYERS,FL,33905
7378,4341 BAY BEACH LN 144,FORT MYERS BEACH,FL,33931
7379,45 CALLE DEL SUR,PALM COAST,FL,32137
7380,4546 SW Bradbury ST,Port Saint Lucie,FL,34953
7381,4818 JEANIE LN,FORT MYERS,FL,33905
7382,53 BRUSHWOOD LN,PALM COAST,FL,32137
7383,65 SANDY BEACH WAY,PALM COAST,FL,32137
7384,669 MAHOGANY RUN,PALM COAST,FL,32137
7385,8499 LANGSHIRE WAY,FORT MYERS,FL,33912
7386,91 PILGRIM DR,PALM COAST,FL,32164
7387,10620 VICENZA CT,FORT MYERS,FL,33913
7388,12 COCONUT CT,PALM COAST,FL,32137
7389,12 CEDARFIELD CT,PALM COAST,FL,32137
7390,1332 MELALEUCA LN,FORT MYERS,FL,33901
7391,1369 SE SAN SOVINA TERR,Port Saint Lucie,FL,34953
7392,13710 METROPOLIS AVE,FORT MYERS,FL,33912
7393,1437 COLLINS RD,FORT MYERS,FL,33919
7394,14380 RIVA DEL LAGO DR 1404,FORT MYERS,FL,33907
7395,14541 FARRINGTON WAY 201,FORT MYERS,FL,33912
7396,15200 SWEETWATER CT,FORT MYERS,FL,33912
7397,1617 CORONADO RD,FORT MYERS,FL,33901
7398,16362 COCO HAMMOCK WAY,FORT MYERS,FL,33908
7399,17000 ALICO COMMERCE CT 1800,FORT MYERS,FL,33967
7400,17147 KNIGHT DR,FORT MYERS,FL,33967
7401,1860 SW Fountainview BLVD,Port Saint Lucie,FL,34986
7402,2201 SE MIDTOWN RD,Port Saint Lucie,FL,34953
7403,2244 SE LONGHORN AVE,Port Saint Lucie,FL,34953
7404,2581 SE TRAIL AVE,Port Saint Lucie,FL,34953
7405,26 RENFRO LN,PALM COAST,FL,32164
7406,270 NW Hazard WAY,Port Saint Lucie,FL,34986
7407,3637 PINE OAK CIR 102,FORT MYERS,FL,33916
7408,4057 SW KALLEN ST,Port Saint Lucie,FL,34953
7409,437 NW KILPATRICK AVE,Port Saint Lucie,FL,34953
7410,46 SEA GREEN PATH,PALM COAST,FL,32164
7411,4631 GOEBEL DR,FORT MYERS,FL,33905
7412,7000 ESTERO BLVD 402,FORT MYERS BEACH,FL,33931
7413,7500 ESTERO BLVD 1006,FORT MYERS BEACH,FL,33931
7414,765 SE ESSEX DR,Port Saint Lucie,FL,34953
7415,8 KANSAS PATH,PALM COAST,FL,32164
7416,9049 KING RD W,FORT MYERS,FL,33967
7417,11531 SLIPPER SHELL DR,FORT MYERS,FL,33908
7418,12 COLLEEN CT,PALM COAST,FL,32137
7419,12516 ASTOR PL,FORT MYERS,FL,33913
7420,13 LIBERTY CIR,PALM COAST,FL,32164
7421,1331 SW STONY AVE,Port Saint Lucie,FL,34953
7422,146 PALM COAST RESORT BLVD 0102,PALM COAST,FL,32137
7423,149 WESTGRILL DR,PALM COAST,FL,32164
7424,156 SE Santa Gardenia,Port Saint Lucie,FL,34984
7425,16243 S TAMIAMI TRL,FORT MYERS,FL,33908
7426,17 S RIVERWALK DR,PALM COAST,FL,32137
7427,17220 TERRAVERDE CIR 10,FORT MYERS,FL,33908
7428,18001 SAN JUAN CT 4,FORT MYERS,FL,33967
7429,1925 CLIFFORD ST 601,FORT MYERS,FL,33901
7430,204 NW Pleasant Grove WAY,Port Saint Lucie,FL,34986
7431,2196 CARACAS CT,FORT MYERS,FL,33907
7432,2312 BEN ST,FORT MYERS,FL,33916
7433,2444 HARVARD AVE,FORT MYERS,FL,33907
7434,28 LANSDOWNE LN,PALM COAST,FL,32137
7435,2838 VIA PIAZZA LOOP,FORT MYERS,FL,33905
7436,4 RIVER END PL,PALM COAST,FL,32164
7437,4071 E RIVER DR,FORT MYERS,FL,33916
7438,5208 TICE ST,FORT MYERS,FL,33905
7439,57 LLAMA TRL,PALM COAST,FL,32164
7440,6007 MACBETH LN,FORT MYERS,FL,33908
7441,6670 NEAL RD,FORT MYERS,FL,33905
7442,747 ARUNDEL CIR,FORT MYERS,FL,33913
7443,8590 BELLE MEADE DR,FORT MYERS,FL,33908
7444,10 PRESS WAY,PALM COAST,FL,32164
7445,1025 SW Benchor AVE,Port Saint Lucie,FL,34953
7446,1067 SW Barbarosa AVE,Port Saint Lucie,FL,34953
7447,12995 S CLEVELAND AVE,FORT MYERS,FL,33907
7448,14211 PATTY BERG DR 102,FORT MYERS,FL,33919
7449,15 WILMONT PL,PALM COAST,FL,32164
7450,1757 SW PENROSE AVE,Port Saint Lucie,FL,34953
7451,17808 LITTLE TORCH KY,FORT MYERS,FL,33908
7452,18 RED MILL DR,PALM COAST,FL,32164
7453,18010 SAN CARLOS BLVD 34,FORT MYERS BEACH,FL,33931
7454,1866 SE Berkshire BLVD,Port Saint Lucie,FL,34953
7455,19040 SW Positano WAY,Port Saint Lucie,FL,34986
7456,1971 SE Carvalho ST,Port Saint Lucie,FL,34953
7457,2 PEBBLE STONE LN,PALM COAST,FL,32164
7458,2102 SW Algiers ST,Port Saint Lucie,FL,34953
7459,2350 SE LONGHORN AVE,Port Saint Lucie,FL,34953
7460,2600 HAWKS PRESERVE DR,FORT MYERS,FL,33905
7461,2942 SW SANDBAR ST,Port Saint Lucie,FL,34953
7462,3175 ANTICA ST,FORT MYERS,FL,33905
7463,3329 SW MCMULLEN ST,Port Saint Lucie,FL,34953
7464,4017 EDGEWOOD AVE,FORT MYERS,FL,33916
7465,5308 WHITE SKY CIR,FORT MYERS,FL,33908
7466,6142 HERSHEY AVE,FORT MYERS,FL,33905
7467,774 SW TUPPER LN,Port Saint Lucie,FL,34953
7468,8328 PROVENCIA CT,FORT MYERS,FL,33912
7469,93 GERTRUDE ST,FORT MYERS,FL,33908
7470,1 FLORIDA PARK DR 104,PALM COAST,FL,32137
7471,1 SQUIRREL PL,PALM COAST,FL,32164
7472,1001 BAL ISLE DR,FORT MYERS,FL,33919
7473,1057 SW DUBUQUE AVE,Port Saint Lucie,FL,34953
7474,11 FELICIA CT,PALM COAST,FL,32137
7475,115 SE San Fratello,Port Saint Lucie,FL,34984
7476,125 PEARL ST,FORT MYERS BEACH,FL,33931
7477,1267 SW Abisco RD,Port Saint Lucie,FL,34953
7478,14380 RIVA DEL LAGO DR PH14,FORT MYERS,FL,33907
7479,14533 DOLCE VISTA RD 102,FORT MYERS,FL,33908
7480,146 PALM COAST RESORT BLVD 0405,PALM COAST,FL,32137
7481,150 LENELL RD 302,FORT MYERS BEACH,FL,33931
7482,1700 MCGREGOR RESERVE DR,FORT MYERS,FL,33901
7483,17141 ANTIGUA RD,FORT MYERS,FL,33967
7484,17531 PRIMROSE CT,FORT MYERS BEACH,FL,33931
7485,206 WILLOW OAK WAY,PALM COAST,FL,32137
7486,2129 LARCHMONT AVE,FORT MYERS,FL,33901
7487,272 NW Toscane TRL,Port Saint Lucie,FL,34986
7488,2862 SE Calvin ST,Port Saint Lucie,FL,34953
7489,362 OASIS PARK RD,FORT MYERS,FL,33905
7490,3650 SW SAVONA BLVD,Port Saint Lucie,FL,34953
7491,431 LAZY WAY,FORT MYERS BEACH,FL,33931
7492,467 SE KARNEY TERR,Port Saint Lucie,FL,34953
7493,521 SE Capon Terr,Port Saint Lucie,FL,34953
7494,5454 NW Briscoe DR,Port Saint Lucie,FL,34953
7495,5458 HARBOUR CASTLE DR,FORT MYERS,FL,33907
7496,5555 OLD KINGS RD,PALM COAST,FL,32137
7497,560 SW N QUICK CIR,Port Saint Lucie,FL,34953
7498,5790 HARBORAGE DR,FORT MYERS,FL,33908
7499,6220 AUGUSTA DR 308,FORT MYERS,FL,33907
7500,6770 WINKLER RD 5,FORT MYERS,FL,33919
7501,812 SW MARSH HARBOR BAY,Port Saint Lucie,FL,34953
7502,9882 SW Eastbrook CIR,Port Saint Lucie,FL,34987
7503,99 SLUMBER MEADOW TRL,PALM COAST,FL,32164
7504,10766 SW Hartwick DR,Port Saint Lucie,FL,34987
7505,131 SE Mira Lavella,Port Saint Lucie,FL,34984
7506,14380 METROPOLIS AVE,FORT MYERS,FL,33912
7507,1453 SADDLE WOODE DR 5E,FORT MYERS,FL,33919
7508,14726 CALUSA PALMS DR 203,FORT MYERS,FL,33919
7509,14909 AMERICAN EAGLE CT,FORT MYERS,FL,33912
7510,15051 PUNTA RASSA RD 139,FORT MYERS,FL,33908
7511,157 SW Airview AVE,Port Saint Lucie,FL,34953
7512,1648 OAKLEY AVE,FORT MYERS,FL,33901
7513,19400 CROMWELL CT 204,FORT MYERS,FL,33912
7514,19681 SUMMERLIN RD 299,FORT MYERS,FL,33908
7515,20 EAGLE HARBOR TRL,PALM COAST,FL,32164
7516,2104 W FIRST ST 404,FORT MYERS,FL,33901
7517,2530 SW NATIONAL CIR,Port Saint Lucie,FL,34953
7518,31 PINELAND LN,PALM COAST,FL,32164
7519,35 CLEMENTON LN,PALM COAST,FL,32137
7520,396 NW Springview Loop,Port Saint Lucie,FL,34986
7521,4035 BELL ST,FORT MYERS,FL,33916
7522,43 SHINNECOCK DR,PALM COAST,FL,32137
7523,4390 SW Calah AVE,Port Saint Lucie,FL,34953
7524,447 SW STACY CT,Port Saint Lucie,FL,34953
7525,536 BAYSIDE DR,FORT MYERS,FL,33919
7526,56 RED MILL DR,PALM COAST,FL,32164
7527,56 PEBBLE STONE LN,PALM COAST,FL,32164
7528,6 MAGNOLIA RD,PALM COAST,FL,32137
7529,6 PINE HURST PL,PALM COAST,FL,32137
7530,6031 NEAL RD,FORT MYERS,FL,33905
7531,654 SE TANNER AVE,Port Saint Lucie,FL,34953
7532,7360 ESTERO BLVD 707,FORT MYERS BEACH,FL,33931
7533,76 BROCKTON LN,PALM COAST,FL,32137
7534,818 NW Rutherford CT,Port Saint Lucie,FL,34983
7535,821 SW IDOL AVE,Port Saint Lucie,FL,34953
7536,9170 MARIGOLD CT,FORT MYERS,FL,33919
7537,1002 ANGEL FISH LN,FORT MYERS BEACH,FL,33931
7538,10725 SW Hartwick DR,Port Saint Lucie,FL,34987
7539,11506 EAST PALM DR,FORT MYERS,FL,33908
7540,12601 KELLY SANDS WAY 404,FORT MYERS,FL,33908
7541,12911 SPENCER ST,FORT MYERS,FL,33908
7542,139 PUTTER DR,PALM COAST,FL,32164
7543,15 RUSSELL DR,PALM COAST,FL,32164
7544,15010 BRIDGEWAY LN 304,FORT MYERS,FL,33919
7545,1534 RANSOM ST,FORT MYERS,FL,33901
7546,1611 SW MCALLISTER LN,Port Saint Lucie,FL,34953
7547,16210 BENTWOOD PALMS DR,FORT MYERS,FL,33908
7548,1624 PINE VALLEY DR 116,FORT MYERS,FL,33907
7549,17173 ORIOLE RD,FORT MYERS,FL,33967
7550,18422 HUCKLEBERRY RD,FORT MYERS,FL,33967
7551,19065 VINTAGE TRACE CIR,FORT MYERS,FL,33967
7552,203 PINEBROOK DR,FORT MYERS,FL,33907
7553,2538 SE PERUGIA ST,Port Saint Lucie,FL,34953
7554,4108 SW RUSHMORE ST,Port Saint Lucie,FL,34953
7555,4400 LAZIO WAY 202,FORT MYERS,FL,33901
7556,470 NW Lismore LN,Port Saint Lucie,FL,34986
7557,5 MONTAUK CT,PALM COAST,FL,32164
7558,7 RIVERA LN,PALM COAST,FL,32164
7559,7421 RAMBLERS STRAND,FORT MYERS,FL,33967
7560,80 BLAINE DR,PALM COAST,FL,32137
7561,9090 LADY BUG CT,FORT MYERS,FL,33919
7562,9131 CYPRESS DR N,FORT MYERS,FL,33967
7563,96 PRESIDENTIAL LN,PALM COAST,FL,32164
7564,12070 SUMMERGATE CIR 104,FORT MYERS,FL,33913
7565,1545 SW MOCKINGBIRD CIR,Port Saint Lucie,FL,34953
7566,15675 HAGIE DR,FORT MYERS,FL,33908
7567,16 WILLOUGHBY PL,PALM COAST,FL,32164
7568,1694 SW Via Laura,Port Saint Lucie,FL,34953
7569,18190 ADAMS CIR,FORT MYERS,FL,33967
7570,184 SW GROVE AVE,Port Saint Lucie,FL,34953
7571,193 BOULDER ROCK DR,PALM COAST,FL,32137
7572,19681 SUMMERLIN RD 227,FORT MYERS,FL,33908
7573,2 CURTIS CT,PALM COAST,FL,32137
7574,211 BEACHWAY DR,PALM COAST,FL,32137
7575,2444 SE MARSEILLE ST,Port Saint Lucie,FL,34953
7576,26 WOODLAWN DR,PALM COAST,FL,32164
7577,2852 SW Collings DR,Port Saint Lucie,FL,34953
7578,28892 BLAISDELL DR, NAPLES,FL,34119
7579,36 ESSINGTON LN,PALM COAST,FL,32164
7580,363 OASIS PARK RD,FORT MYERS,FL,33905
7581,3891 LITTLE CREEK DR,FORT MYERS,FL,33905
7582,4 WINTERBERRY PL,PALM COAST,FL,32164
7583,435 NE Canoe Park CIR,Port Saint Lucie,FL,34983
7584,4745 ESTERO BLVD 401,FORT MYERS BEACH,FL,33931
7585,4933 JUPITER RD,FORT MYERS,FL,33905
7586,50 WOODWORTH DR,PALM COAST,FL,32164
7587,50 ERIC DR,PALM COAST,FL,32164
7588,55 RIVERVIEW BND S 2025,PALM COAST,FL,32137
7589,5870 NW IOTA CT,Port Saint Lucie,FL,34953
7590,600 CINNAMON BEACH WAY 564,PALM COAST,FL,32137
7591,618 DANLEY DR,FORT MYERS,FL,33907
7592,7 WENDLIN LN,PALM COAST,FL,32164
7593,8135 COUNTRY RD 105,FORT MYERS,FL,33919
7594,9862 SUGARBERRY WAY,FORT MYERS,FL,33905
7595,10113 COLONIAL COUNTRY CLUB BLVD 2207,FORT MYERS,FL,33913
7596,11201 STARDUST DR,FORT MYERS,FL,33908
7597,1213 LINDA RD 26, OKEECHOBEE,FL,34974
7598,13081 HICKORY GROVE CT,FORT MYERS,FL,33905
7599,13090 CROSS CREEK CT 204,FORT MYERS,FL,33912
7600,13681 RALEIGH LN 5,FORT MYERS,FL,33919
7601,15602 BEACHCOMBER AVE,FORT MYERS,FL,33908
7602,1648 SE GREEN ACRES CIR EE203,Port Saint Lucie,FL,34953
7603,2 LAKE CHARLES PL,PALM COAST,FL,32137
7604,2257 SE West Blackwell DR,Port Saint Lucie,FL,34953
7605,2302 SW SALA ST,Port Saint Lucie,FL,34953
7606,27 RAEMOOR DR,PALM COAST,FL,32164
7607,32 PIERMOUNT LN,PALM COAST,FL,32164
7608,3511 ARCLIGHT CT,FORT MYERS,FL,33916
7609,412 SE Fascino CIR,Port Saint Lucie,FL,34984
7610,4140 SABAL LN,FORT MYERS,FL,33905
7611,5 ZINNIA CT,PALM COAST,FL,32164
7612,501 SE ESSEX ST,Port Saint Lucie,FL,34953
7613,505 SW VIOLET AVE,Port Saint Lucie,FL,34953
7614,5558 PALM BEACH BLVD 220,FORT MYERS,FL,33905
7615,5775 NW Cotton DR,Port Saint Lucie,FL,34953
7616,600 CINNAMON BEACH WAY 561,PALM COAST,FL,32137
7617,641 SW FAIR AVE,Port Saint Lucie,FL,34953
7618,67 RYMSHAW DR,PALM COAST,FL,32164
7619,7243 HEAVEN LN,FORT MYERS,FL,33908
7620,7300 ESTERO BLVD 501,FORT MYERS BEACH,FL,33931
7621,8231 GRAND PALM DR 4,FORT MYERS,FL,33967
7622,9032 MORRIS RD,FORT MYERS,FL,33967
7623,104 SE Camelot Gardens BLVD D,Port Saint Lucie,FL,34953
7624,121 WHITE HALL DR,PALM COAST,FL,32164
7625,12326 WOODROSE CT 3,FORT MYERS,FL,33907
7626,14000 VILLAGE POND DR,FORT MYERS,FL,33908
7627,14331 CEMETERY RD,FORT MYERS,FL,33905
7628,16 FIRCREST LN,PALM COAST,FL,32137
7629,1772 SW Cadima ST,Port Saint Lucie,FL,34953
7630,1871 SW GEMINI LN,Port Saint Lucie,FL,34953
7631,19 REGIS LN,PALM COAST,FL,32164
7632,206 SW RIDGECREST DR,Port Saint Lucie,FL,34953
7633,2121 COLLIER AVE 202,FORT MYERS,FL,33901
7634,2201 SW LUSBY AVE,Port Saint Lucie,FL,34953
7635,3320 THOMAS ST,FORT MYERS,FL,33916
7636,38 LONGVIEW WAY N,PALM COAST,FL,32137
7637,4 ROXTON LN,PALM COAST,FL,32164
7638,4110 WOODBRIER DR,FORT MYERS,FL,33905
7639,4546 LONGBOAT LN,FORT MYERS,FL,33919
7640,51 BRITTANY LN,PALM COAST,FL,32137
7641,5676 NW Athens CT,Port Saint Lucie,FL,34953
7642,5776 BASS CIR,FORT MYERS,FL,33919
7643,6012 NW WINFIELD DR,Port Saint Lucie,FL,34953
7644,611 SW JEANNE ST,Port Saint Lucie,FL,34953
7645,6307 ROYAL WOODS DR,FORT MYERS,FL,33908
7646,6449 ROYAL WOODS DR,FORT MYERS,FL,33908
7647,6557 GARLAND ST,FORT MYERS,FL,33966
7648,8430 CHARTER CLUB CIR 7,FORT MYERS,FL,33919
7649,9 REGIS LN,PALM COAST,FL,32164
7650,907 SE Browning AVE,Port Saint Lucie,FL,34953
7651,96 SUN CIR,FORT MYERS,FL,33905
7652,972 SW Du Bois AVE,Port Saint Lucie,FL,34953
7653,1 BLAIRMORE PL,PALM COAST,FL,32137
7654,1 WESTBURY PL,PALM COAST,FL,32164
7655,11 BEACON MILL LN,PALM COAST,FL,32137
7656,11072 ESTEBAN DR,FORT MYERS,FL,33912
7657,11478 SW Fieldstone WAY,Port Saint Lucie,FL,34987
7658,1158 SW JANETTE AVE,Port Saint Lucie,FL,34953
7659,11714 ADONCIA WAY 5001,FORT MYERS,FL,33912
7660,12511 BANYAN DR,FORT MYERS,FL,33908
7661,1332 SE Birmingport CT,Port Saint Lucie,FL,34952
7662,13525 SIESTA PINES CT 1,FORT MYERS,FL,33908
7663,14 BRISTOL LN,PALM COAST,FL,32137
7664,14321 RIVER RD,FORT MYERS,FL,33905
7665,14880 BALD EAGLE DR,FORT MYERS,FL,33912
7666,14910 REFLECTION KEY CIR 2311,FORT MYERS,FL,33907
7667,1597 NW Cataluna CIR,Port Saint Lucie,FL,34986
7668,16550 WATERS EDGE CT 102,FORT MYERS,FL,33908
7669,1850 PRINCESS PLACE RD,PALM COAST,FL,32137
7670,1880 SW Buttercup AVE,Port Saint Lucie,FL,34953
7671,2 LLACH CT,PALM COAST,FL,32164
7672,2 CLERMONT CT,PALM COAST,FL,32137
7673,2048 SW LANCE AVE,Port Saint Lucie,FL,34953
7674,216 KINGSTON DR,FORT MYERS,FL,33905
7675,24 PINE BROOK DR,PALM COAST,FL,32164
7676,27 EGRET TRL,PALM COAST,FL,32164
7677,28 ESPERANTO DR,PALM COAST,FL,32164
7678,3016 ROYAL PALM AVE,FORT MYERS,FL,33901
7679,325 SW NATIVITY TERR,Port Saint Lucie,FL,34953
7680,3704 BROADWAY 215,FORT MYERS,FL,33901
7681,39 RUSSO DR,PALM COAST,FL,32164
7682,4 OAKMONT CT,PALM COAST,FL,32137
7683,4360 CORTINA CIR,FORT MYERS,FL,33916
7684,5 OCEAN CREST WAY 1421,PALM COAST,FL,32137
7685,6026 JULIET AVE,FORT MYERS,FL,33905
7686,613 SW KAYAK AVE,Port Saint Lucie,FL,34953
7687,64 ULYSSES TRL,PALM COAST,FL,32164
7688,6499 ROYAL WOODS DR,FORT MYERS,FL,33908
7689,7392 CONSTITUTION CIR 103,FORT MYERS,FL,33967
7690,796 SW Munjack CIR,Port Saint Lucie,FL,34986
7691,8151 BUCKINGHAM RD,FORT MYERS,FL,33905
7692,1 WHEE PL,PALM COAST,FL,32164
7693,136 PINEBROOK DR,FORT MYERS,FL,33907
7694,13615 EAGLE RIDGE DR 1628,FORT MYERS,FL,33912
7695,14070 EAGLE RIDGE LAKES DR 102,FORT MYERS,FL,33912
7696,1500 POPHAM DR C11,FORT MYERS,FL,33919
7697,1540 SE Ballantrae CT,Port Saint Lucie,FL,34952
7698,17 WATERMILL PL,PALM COAST,FL,32164
7699,1741 SW GEMINI LN,Port Saint Lucie,FL,34953
7700,1882 SE ELROSE ST,Port Saint Lucie,FL,34953
7701,1886 SW Breezeway ST,Port Saint Lucie,FL,34953
7702,1941 SE Korona DR,Port Saint Lucie,FL,34952
7703,1943 SE MILLBROOK TERR,Port Saint Lucie,FL,34953
7704,19760 OSPREY COVE BLVD 113,FORT MYERS,FL,33967
7705,202 BIRD OF PARADISE DR,PALM COAST,FL,32137
7706,2033 SE RAINIER RD,Port Saint Lucie,FL,34953
7707,2134 SW Airoso BLVD,Port Saint Lucie,FL,34953
7708,2486 SE TIFFANY AVE,Port Saint Lucie,FL,34953
7709,30 SEVEN WONDERS TRL,PALM COAST,FL,32164
7710,3092 SE TREASURE ISLAND RD,Port Saint Lucie,FL,34953
7711,39 PEPPER LN,PALM COAST,FL,32164
7712,4208 SW TUSCOL ST,Port Saint Lucie,FL,34953
7713,4226 SE HOME WAY,Port Saint Lucie,FL,34952
7714,5 ROLLING PL,PALM COAST,FL,32164
7715,5573 PENDLEWOOD LN,FORT MYERS,FL,33919
7716,5625 YOUNGQUIST RD,FORT MYERS,FL,33912
7717,61 SENTINEL PATH,PALM COAST,FL,32164
7718,8771 ESTERO BLVD 103,FORT MYERS BEACH,FL,33931
7719,8852 CEDAR HOLLOW DR,FORT MYERS,FL,33912
7720,9 UTURN CT,PALM COAST,FL,32164
7721,9540 GREEN CYPRESS LN 17,FORT MYERS,FL,33905
7722,1179 SE PROCTOR LN,Port Saint Lucie,FL,34953
7723,119 BARRINGTON DR,PALM COAST,FL,32137
7724,12 SENECA PATH,PALM COAST,FL,32164
7725,1235 SW Briarwood DR,Port Saint Lucie,FL,34953
7726,12820 VISTA PINE CIR,FORT MYERS,FL,33913
7727,12854 NEW MARKET ST,FORT MYERS,FL,33913
7728,1331 SW Aachen AVE,Port Saint Lucie,FL,34953
7729,14201 CALLAN ST,FORT MYERS,FL,33905
7730,14757 MARTIN DR,FORT MYERS,FL,33908
7731,1481 SW JACKSONVILLE AVE,Port Saint Lucie,FL,34953
7732,14914 WISE WAY,FORT MYERS,FL,33905
7733,15011 BRIDGEWAY LN 103,FORT MYERS,FL,33919
7734,16 LAKE FOREST CT N,PALM COAST,FL,32137
7735,17579 ROCKEFELLER CIR,FORT MYERS,FL,33967
7736,18921 BAY WOODS LAKE DR 203,FORT MYERS,FL,33908
7737,20 WELLHAM LN,PALM COAST,FL,32164
7738,200 OCEAN CREST DR 706,PALM COAST,FL,32137
7739,2442 ROCKFILL RD,FORT MYERS,FL,33916
7740,2654 SW Cactus CIR,Port Saint Lucie,FL,34953
7741,2817 SW Ann Arbor RD,Port Saint Lucie,FL,34953
7742,2826 SE PACE DR,Port Saint Lucie,FL,34953
7743,3085 SW ROSSER BLVD,Port Saint Lucie,FL,34953
7744,3132 SW WATSON CT,Port Saint Lucie,FL,34953
7745,3958 SW KAKOPO ST,Port Saint Lucie,FL,34953
7746,4390 LAZIO WAY 406,FORT MYERS,FL,33901
7747,5418 NW Consumer AVE,Port Saint Lucie,FL,34953
7748,562 SE Brookside TER,Port Saint Lucie,FL,34953
7749,6018 THORPE AVE,FORT MYERS,FL,33905
7750,8192 PELICAN RD,FORT MYERS,FL,33967
7751,9 WHITE HALL DR,PALM COAST,FL,32164
7752,1 KANAWHA CT,PALM COAST,FL,32164
7753,1069 SW Alcantarra BLVD,Port Saint Lucie,FL,34953
7754,110 RICKENBACKER DR,PALM COAST,FL,32164
7755,110 BOURNE AVE,FORT MYERS,FL,33916
7756,12 RICHARDSON DR,PALM COAST,FL,32164
7757,121 S RIVERWALK DR,PALM COAST,FL,32137
7758,1226 SW Asturia AVE,Port Saint Lucie,FL,34953
7759,124 NW Madison CT,Port Saint Lucie,FL,34986
7760,12431 MCGREGOR BLVD,FORT MYERS,FL,33919
7761,12585/587 12585/587 NEW BRITTANY BLVD,FORT MYERS,FL,33907
7762,133 SW ESSEX DR,Port Saint Lucie,FL,34953
7763,13935/937 13935/937 FIRST ST,FORT MYERS,FL,33905
7764,1500 MEMOLI LN 1,FORT MYERS,FL,33919
7765,1533 SE Crowberry DR,Port Saint Lucie,FL,34953
7766,1698 SW Barona ST,Port Saint Lucie,FL,34953
7767,18104 HORSESHOE BAY CIR,FORT MYERS,FL,33967
7768,1961 HIGH ST,FORT MYERS,FL,33916
7769,2181 SE Bersell RD,Port Saint Lucie,FL,34953
7770,2349 SW Barber LN,Port Saint Lucie,FL,34953
7771,2828 JACKSON ST E1,FORT MYERS,FL,33901
7772,3050 MEANDERING WAY 202,FORT MYERS,FL,33905
7773,3410 SW VENDOME ST,Port Saint Lucie,FL,34953
7774,3501 CYPRESS MARSH DR,FORT MYERS,FL,33905
7775,369 NW Foursome LN,Port Saint Lucie,FL,34986
7776,375 SW Lake Forest WAY,Port Saint Lucie,FL,34986
7777,4333 BELLARIA WAY 531,FORT MYERS,FL,33916
7778,4731 BLACKBERRY DR,FORT MYERS,FL,33905
7779,4790 S CLEVELAND AVE 806,FORT MYERS,FL,33907
7780,5 POINSETTIA DR,FORT MYERS,FL,33905
7781,50 FREDERICK LN,PALM COAST,FL,32137
7782,5315 ESTERO BLVD,FORT MYERS BEACH,FL,33931
7783,5777 NW ERIN AVE,Port Saint Lucie,FL,34953
7784,6 EASTVUE PL,PALM COAST,FL,32164
7785,632 SE EVERGREEN TERR,Port Saint Lucie,FL,34953
7786,1056/1058 1056/1058 SOUTHDALE RD,FORT MYERS,FL,33919
7787,10601 CARENA CIR,FORT MYERS,FL,33913
7788,11024 CASTLEREAGH ST,FORT MYERS,FL,33913
7789,11999 PALBA WAY 6405,FORT MYERS,FL,33912
7790,12 UPSHIRE PATH,PALM COAST,FL,32164
7791,12601 SHAWNEE RD,FORT MYERS,FL,33913
7792,1289 N BRANDYWINE CIR,FORT MYERS,FL,33919
7793,1541 SW PAAR DR,Port Saint Lucie,FL,34953
7794,159 YAGER CIR,FORT MYERS,FL,33913
7795,1687 SW HARBOUR ISLES CIR 6,Port Saint Lucie,FL,34986
7796,18257 FUCHSIA RD,FORT MYERS,FL,33967
7797,1950 SW Yellowtail AVE,Port Saint Lucie,FL,34953
7798,217 MAGELLAN ST,FORT MYERS,FL,33913
7799,2243 LOTUS RD,FORT MYERS,FL,33905
7800,2282 CLIFFORD ST,FORT MYERS,FL,33901
7801,237 SW RAY AVE,Port Saint Lucie,FL,34953
7802,2417 SE ISSAC RD,Port Saint Lucie,FL,34953
7803,28854 BLAISDELL DR, NAPLES,FL,34119
7804,2935 WINKLER AVE 1102,FORT MYERS,FL,33916
7805,3053 ROYAL PALM AVE,FORT MYERS,FL,33901
7806,317 SE Dalva AVE,Port Saint Lucie,FL,34953
7807,4041 SW JAQUST ST,Port Saint Lucie,FL,34953
7808,4637 ELVAS AVE,FORT MYERS,FL,33905
7809,4860 PALM COAST PKWY NW,PALM COAST,FL,32137
7810,5240 CEDARBEND DR 1,FORT MYERS,FL,33919
7811,6563 PLANTATION PRESERVE CIR N,FORT MYERS,FL,33966
7812,66 ROLLINS LN,PALM COAST,FL,32164
7813,7 FAIRVIEW BLVD,FORT MYERS BEACH,FL,33931
7814,7018 W BRANDYWINE CIR,FORT MYERS,FL,33919
7815,77 FOREST HILL DR,PALM COAST,FL,32137
7816,10 WALLIS PL,PALM COAST,FL,32164
7817,10568 SW Westlawn BLVD,Port Saint Lucie,FL,34987
7818,1073 SW Dartmouth AVE,Port Saint Lucie,FL,34953
7819,11461 PERSIMMON CT,FORT MYERS,FL,33913
7820,11557 PLANTATION PRESERVE CIR S,FORT MYERS,FL,33966
7821,1214 NW SUN TERRACE CIR,Port Saint Lucie,FL,34953
7822,13061 IDYLWILD RD,FORT MYERS,FL,33905
7823,13395 MARQUETTE BLVD,FORT MYERS,FL,33905
7824,14524 ABACO LAKES DR 205,FORT MYERS,FL,33908
7825,1462 TANGLEWOOD PKWY,FORT MYERS,FL,33919
7826,16310 FAIRWAY WOODS DR 1604,FORT MYERS,FL,33908
7827,17174 FOSTORIA LN,FORT MYERS,FL,33967
7828,2001 SW JUSTISON AVE,Port Saint Lucie,FL,34953
7829,206 MAINE AVE,FORT MYERS,FL,33905
7830,21 LLOVERA PL,PALM COAST,FL,32164
7831,23 ESSINGTON LN,PALM COAST,FL,32164
7832,2349 SE Tavares DR,Port Saint Lucie,FL,34952
7833,24 SEA BOARD CT,PALM COAST,FL,32164
7834,2745 FIRST ST 1001,FORT MYERS,FL,33916
7835,2953/2955 2953/2955 NELSON ST,FORT MYERS,FL,33901
7836,3141 MEANDERING WAY 101,FORT MYERS,FL,33905
7837,368 NW Sunview WAY,Port Saint Lucie,FL,34986
7838,403 KEENAN AVE,FORT MYERS,FL,33919
7839,5 RED TOP LN,PALM COAST,FL,32164
7840,5312 NW NAIL CT,Port Saint Lucie,FL,34953
7841,5793 NW Zinnia ST,Port Saint Lucie,FL,34953
7842,6101 NW Butterfly Orchid PL,Port Saint Lucie,FL,34986
7843,6121 FOREST VILLAS CIR,FORT MYERS,FL,33908
7844,8038 MATANZAS RD,FORT MYERS,FL,33967
7845,8086 GLEN ABBEY CIR,FORT MYERS,FL,33912
7846,816 SW Grand Reserve BLVD,Port Saint Lucie,FL,34986
7847,821 WOODRIDGE CIR,FORT MYERS,FL,33913
7848,8435 SEDONIA CIR,FORT MYERS,FL,33967
7849,8510 FAIRWAY BEND DR,FORT MYERS,FL,33967
7850,861 SW Dalton AVE,Port Saint Lucie,FL,34953
7851,9 GREENBRIAR CT,PALM COAST,FL,32137
7852,11 LEARNING LN,PALM COAST,FL,32137
7853,11285 REFLECTION ISLES BLVD,FORT MYERS,FL,33912
7854,12475 JEWEL STONE LN,FORT MYERS,FL,33913
7855,14545 MAJESTIC EAGLE CT,FORT MYERS,FL,33912
7856,1716 SW NANTUCKET AVE,Port Saint Lucie,FL,34953
7857,17221 SAFETY ST,FORT MYERS,FL,33908
7858,18461 GERANIUM RD,FORT MYERS,FL,33967
7859,19208 CYPRESS VIEW DR,FORT MYERS,FL,33967
7860,20061 SANIBEL VIEW CIR 205,FORT MYERS,FL,33908
7861,2015 SE KILMALLIE CT,Port Saint Lucie,FL,34952
7862,28 PALMER LN,PALM COAST,FL,32164
7863,2817 BLOUNT ST,FORT MYERS,FL,33916
7864,2973 SW GIRALDA ST,Port Saint Lucie,FL,34953
7865,3675 BROADWAY D4,FORT MYERS,FL,33901
7866,3727 PALM BEACH BLVD,FORT MYERS,FL,33916
7867,5 CAROL CT,PALM COAST,FL,32137
7868,5431 NW Crista ST,Port Saint Lucie,FL,34953
7869,59 WOODBURY DR,PALM COAST,FL,32164
7870,7 WASHWELL PL,PALM COAST,FL,32164
7871,9298 BRENO DR,FORT MYERS,FL,33913
7872,106 HARBOR VILLAGE PT S,PALM COAST,FL,32137
7873,10947 SW Blue Mesa WAY,Port Saint Lucie,FL,34987
7874,11886 GRAND ISLES LN,FORT MYERS,FL,33913
7875,126 NW Carmelite ST,Port Saint Lucie,FL,34953
7876,13670 WARBLER DR,FORT MYERS,FL,33908
7877,1405 SE Goldtree DR 1405 -1407,Port Saint Lucie,FL,34952
7878,14718 CALUSA PALMS DR 101,FORT MYERS,FL,33919
7879,14998 HICKORY GREENS CT,FORT MYERS,FL,33912
7880,15 WOOD CENTER LN,PALM COAST,FL,32164
7881,15978 CUTTERS CT,FORT MYERS,FL,33908
7882,1617 SE Shepard LN,Port Saint Lucie,FL,34953
7883,162 SW Peacock BLVD 32-207,Port Saint Lucie,FL,34986
7884,1671 JAMESTOWN CT,FORT MYERS,FL,33907
7885,1718 SW PENROSE AVE,Port Saint Lucie,FL,34953
7886,18218 IRIS RD,FORT MYERS,FL,33967
7887,18386 SUNFLOWER RD,FORT MYERS,FL,33967
7888,19011 SAN CARLOS BLVD,FORT MYERS BEACH,FL,33931
7889,19420 CROMWELL CT 202,FORT MYERS,FL,33912
7890,1951 SE GASKINS CIR,Port Saint Lucie,FL,34953
7891,2009 SE HIDEAWAY CIR,Port Saint Lucie,FL,34953
7892,2011 SW GAILWOOD ST,Port Saint Lucie,FL,34953
7893,2121 COLLIER AVE 519,FORT MYERS,FL,33901
7894,238 CONNECTICUT AVE,FORT MYERS,FL,33905
7895,2405 SW FALCON CIR,Port Saint Lucie,FL,34953
7896,241 IBIS ST,FORT MYERS BEACH,FL,33931
7897,3596 BROADWAY,FORT MYERS,FL,33901
7898,4 FITZGERALD LN,PALM COAST,FL,32137
7899,4 RIVIERA ESTATES CT,PALM COAST,FL,32164
7900,4127 RESIDENCE DR 408,FORT MYERS,FL,33901
7901,46 PRINCESS RUTH LN,PALM COAST,FL,32164
7902,5832 VANCOUVER CIR 1,FORT MYERS,FL,33907
7903,71 LEIDEL DR,PALM COAST,FL,32137
7904,8 CARLOS CT,PALM COAST,FL,32137
7905,8430 SOUTHBRIDGE DR 3,FORT MYERS,FL,33967
7906,9660 HEMINGWAY LN 4604,FORT MYERS,FL,33913
7907,1188 CABBAGE LN, OKEECHOBEE,FL,34974
7908,12 LLORET PL,PALM COAST,FL,32164
7909,12130 KELLY GREENS BLVD 103,FORT MYERS,FL,33908
7910,12873 IVORY STONE LOOP,FORT MYERS,FL,33913
7911,13315 OAK HILL LOOP,FORT MYERS,FL,33912
7912,1358 S BRANDYWINE CIR 4,FORT MYERS,FL,33919
7913,14180 CALLAN ST,FORT MYERS,FL,33905
7914,1556 SE Ballantrae CT,Port Saint Lucie,FL,34952
7915,1700 PINE VALLEY DR 214,FORT MYERS,FL,33907
7916,1726 SW Desert AVE,Port Saint Lucie,FL,34953
7917,174 SE Bella Strano,Port Saint Lucie,FL,34984
7918,18120 SAN CARLOS BLVD 806,FORT MYERS BEACH,FL,33931
7919,1926 SE MANTUA ST,Port Saint Lucie,FL,34953
7920,2085 FOUNTAIN ST,FORT MYERS,FL,33916
7921,2295 SW EDISON CIR,Port Saint Lucie,FL,34953
7922,30 PINE COTTAGE LN,PALM COAST,FL,32164
7923,4275 SW UTTERBACK ST,Port Saint Lucie,FL,34953
7924,4351 ARLINGTON AVE,FORT MYERS,FL,33905
7925,514 SW TAMWORTH ST,Port Saint Lucie,FL,34953
7926,5218 NW Coventry CIR,Port Saint Lucie,FL,34986
7927,6 WHITCOCK LN,PALM COAST,FL,32164
7928,6839 OVERLOOK DR,FORT MYERS,FL,33919
7929,74 PRATTWOOD LN,PALM COAST,FL,32164
7930,10080 STONEWOOD DR,FORT MYERS,FL,33905
7931,1025 SW Castaneda LN,Port Saint Lucie,FL,34953
7932,10537 WINE PALM RD,FORT MYERS,FL,33966
7933,14 UNDERSHIRE PATH,PALM COAST,FL,32164
7934,14 COTTON CT,PALM COAST,FL,32137
7935,14017 IMAGE LAKE CT,FORT MYERS,FL,33907
7936,14995 RIVERS EDGE CT 249,FORT MYERS,FL,33908
7937,15051 PUNTA RASSA RD 246,FORT MYERS,FL,33908
7938,16 RENSHAW PL,PALM COAST,FL,32164
7939,17593 OSPREY INLET CT,FORT MYERS,FL,33908
7940,177 BRIDGEHAVEN DR,PALM COAST,FL,32137
7941,18 RUTH DR,PALM COAST,FL,32164
7942,19 WHITE HAVEN LN,PALM COAST,FL,32164
7943,1914 SW Certosa RD,Port Saint Lucie,FL,34953
7944,200 BELLA HARBOR CT 102,PALM COAST,FL,32137
7945,21 BURNING VIEW LN,PALM COAST,FL,32137
7946,2116 SW TAMPICO ST,Port Saint Lucie,FL,34953
7947,22 CARROTWOOD CT,FORT MYERS,FL,33919
7948,2228 SE Union Park DR,Port Saint Lucie,FL,34952
7949,2330 IVY AVE,FORT MYERS,FL,33907
7950,2401 FIRST ST 203A,FORT MYERS,FL,33901
7951,2402 SOUTH ST,FORT MYERS,FL,33901
7952,25 FREEMAN LN,PALM COAST,FL,32137
7953,27 SEVEN WONDERS TRL,PALM COAST,FL,32164
7954,3871 LITTLE CREEK DR,FORT MYERS,FL,33905
7955,444 SW HIBISCUS ST,Port Saint Lucie,FL,34953
7956,5323 CHIPPENDALE CIR E,FORT MYERS,FL,33919
7957,5620 SONNEN CT,FORT MYERS,FL,33919
7958,576 NW Waverly CIR,Port Saint Lucie,FL,34983
7959,728 SW Munjack CIR,Port Saint Lucie,FL,34986
7960,740 MATANZAS CT,FORT MYERS BEACH,FL,33931
7961,7500 ESTERO BLVD 404,FORT MYERS BEACH,FL,33931
7962,7694 BAY LAKE DR,FORT MYERS,FL,33907
7963,8439 SEDONIA CIR,FORT MYERS,FL,33967
7964,846 RUE LABEAU CIR,FORT MYERS,FL,33913
7965,874 SE Cavern AVE,Port Saint Lucie,FL,34953
7966,9 WELLINGTON DR,PALM COAST,FL,32164
7967,9065 ASTONIA WAY,FORT MYERS,FL,33967
7968,9161 BAYBERRY BND 104,FORT MYERS,FL,33908
7969,12 WAVECREST PL,PALM COAST,FL,32164
7970,125 W WATERSIDE PKWY,PALM COAST,FL,32137
7971,14554 STATE RD E 78, OKEECHOBEE,FL,34974
7972,15350 WALL DR,FORT MYERS,FL,33908
7973,15511 KILBIRNIE DR,FORT MYERS,FL,33912
7974,15605 OCEAN WALK CIR 211,FORT MYERS,FL,33908
7975,15860 PINE RIDGE RD 204,FORT MYERS,FL,33908
7976,166 SW Peacock BLVD 34-104,Port Saint Lucie,FL,34986
7977,1900 VIRGINIA AVE 1101,FORT MYERS,FL,33901
7978,2 JAMES ROY AVE W,PALM COAST,FL,32137
7979,2105 SW Cape Cod DR,Port Saint Lucie,FL,34953
7980,2874 SE PACE DR,Port Saint Lucie,FL,34953
7981,301 NE GRANDUER AVE,Port Saint Lucie,FL,34953
7982,303 S RIVERWALK DR,PALM COAST,FL,32137
7983,3340 PALM BEACH BLVD,FORT MYERS,FL,33916
7984,34 PALM LEAF LN,PALM COAST,FL,32164
7985,401 SW Dagget AVE,Port Saint Lucie,FL,34953
7986,44 BISCAYNE DR,PALM COAST,FL,32137
7987,4968 S GALAXY DR,FORT MYERS,FL,33905
7988,5 CAYUGA CT,PALM COAST,FL,32137
7989,710 SW JACOBY AVE,Port Saint Lucie,FL,34953
7990,972 SE THORNHILL DR,Port Saint Lucie,FL,34953
7991,1 RIVER END PL,PALM COAST,FL,32164
7992,10176 SW Newberry AVE,Port Saint Lucie,FL,34987
7993,102 NW Madison CT,Port Saint Lucie,FL,34986
7994,10571 BRAHMA RD,FORT MYERS,FL,33905
7995,11031 BEN C PRATT SIX MILE CYPRESS PKWY,FORT MYERS,FL,33912
7996,12117 PALM COVE ST,FORT MYERS,FL,33913
7997,12575 COCONUT DR,FORT MYERS,FL,33908
7998,137 ASPEN WAY,PALM COAST,FL,32137
7999,1418 PARK SHORE CIR 1,FORT MYERS,FL,33901
8000,1447 SE WESTMORELAND BLVD,Port Saint Lucie,FL,34953
8001,14787 CALUSA PALMS DR 202,FORT MYERS,FL,33919
8002,14941 HOLE IN ONE CIR 207,FORT MYERS,FL,33919
8003,16 FERNDALE LN,PALM COAST,FL,32137
8004,18030 SAN CARLOS BLVD 92,FORT MYERS BEACH,FL,33931
8005,2091 SE HARDING ST,Port Saint Lucie,FL,34953
8006,2217 SW Marshfield CT,Port Saint Lucie,FL,34953
8007,2310 MCGREGOR BLVD,FORT MYERS,FL,33901
8008,2366 E MALL DR 109,FORT MYERS,FL,33901
8009,25 PIERCE LN,PALM COAST,FL,32164
8010,2766 SW DISTRICT AVE,Port Saint Lucie,FL,34953
8011,307 SW S QUICK CIR,Port Saint Lucie,FL,34953
8012,4334 SW Athena DR,Port Saint Lucie,FL,34953
8013,511 NW SAN REMO CIR,Port Saint Lucie,FL,34986
8014,5256 CEDARBEND DR 2,FORT MYERS,FL,33919
8015,5309 SUMMERLIN RD 911,FORT MYERS,FL,33919
8016,5464 NW Arbutus LN,Port Saint Lucie,FL,34953
8017,570 LYNNEDA AVE,FORT MYERS,FL,33905
8018,5717 NW Zenith DR,Port Saint Lucie,FL,34953
8019,59 RADCLIFFE DR,PALM COAST,FL,32164
8020,6927 NW Brookhaven AVE,Port Saint Lucie,FL,34953
8021,7000 BERGAMO WAY 202,FORT MYERS,FL,33966
8022,717 SW ST VINCENT COVE,Port Saint Lucie,FL,34953
8023,7222 LOBELIA RD,FORT MYERS,FL,33967
8024,8 POINT PL,PALM COAST,FL,32164
8025,11113 HARBOUR ESTATES CIR,FORT MYERS,FL,33908
8026,11361 SW Barton WAY,Port Saint Lucie,FL,34987
8027,1142 SW HEATHER ST,Port Saint Lucie,FL,34953
8028,11950 MCGREGOR BLVD,FORT MYERS,FL,33919
8029,12426 PEBBLE STONE CT,FORT MYERS,FL,33913
8030,12590 SPRING MEADOW DR,FORT MYERS,FL,33908
8031,15600 SUMMERLIN RD,FORT MYERS,FL,33908
8032,176 PARKVIEW DR,PALM COAST,FL,32164
8033,17730 STEVENS BLVD,FORT MYERS BEACH,FL,33931
8034,17981 CASTLE HARBOR DR,FORT MYERS,FL,33967
8035,19 BRADMORE LN,PALM COAST,FL,32137
8036,21 PROVIDENCE LN,PALM COAST,FL,32164
8037,2301 SW SALA ST,Port Saint Lucie,FL,34953
8038,2497 SE SIDONIA ST,Port Saint Lucie,FL,34953
8039,2639 PURSLANE DR,FORT MYERS,FL,33905
8040,34 RAE DR,PALM COAST,FL,32164
8041,4 BIRCHBARK LN,PALM COAST,FL,32137
8042,4125 SW Winslow ST,Port Saint Lucie,FL,34953
8043,500 ESTERO BLVD 497,FORT MYERS BEACH,FL,33931
8044,542 SE EUCLID LN,Port Saint Lucie,FL,34953
8045,5775 NEAL RD,FORT MYERS,FL,33905
8046,603 SE Dean Terr,Port Saint Lucie,FL,34953
8047,667 NW SAN REMO CIR,Port Saint Lucie,FL,34986
8048,9530 MONTEVERDI WAY,FORT MYERS,FL,33912
8049,10011 PARKWOOD DR,FORT MYERS,FL,33905
8050,10500 MARINO POINTE DR 704,FORT MYERS,FL,33913
8051,10820 RUTHERFORD RD,FORT MYERS,FL,33913
8052,11111 BALLWEG LN,FORT MYERS,FL,33908
8053,12 FIELDING LN,PALM COAST,FL,32137
8054,120 SW WIND CIR,Port Saint Lucie,FL,34953
8055,12220 SIESTA DR,FORT MYERS BEACH,FL,33931
8056,12601 MASTIQUE BEACH BLVD 801,FORT MYERS,FL,33908
8057,12620 EQUESTRIAN CIR 1708,FORT MYERS,FL,33907
8058,12817 COLD STREAM DR,FORT MYERS,FL,33912
8059,13 NEW LEATHERWOOD DR,PALM COAST,FL,32137
8060,13543 LITTLE GEM CIR,FORT MYERS,FL,33913
8061,1533 SW FLAGAMI RD,Port Saint Lucie,FL,34953
8062,15420 CATALPA COVE LN,FORT MYERS,FL,33908
8063,1741 SE RIDGEWOOD ST,Port Saint Lucie,FL,34953
8064,18110 PARKRIDGE CIR,FORT MYERS,FL,33908
8065,21 UNICORN CT,PALM COAST,FL,32164
8066,2192 SE RAINIER RD,Port Saint Lucie,FL,34953
8067,29 PRESIDENTIAL LN,PALM COAST,FL,32164
8068,30 WHITCOCK LN,PALM COAST,FL,32164
8069,4183 BAY BEACH LN 386,FORT MYERS BEACH,FL,33931
8070,562 NW Azine AVE,Port Saint Lucie,FL,34953
8071,5682 ESTERO BLVD,FORT MYERS BEACH,FL,33931
8072,732 PROSPECT AVE,FORT MYERS,FL,33905
8073,80 SURFVIEW DR 517,PALM COAST,FL,32137
8074,9 LAKE SUCCESS PL,PALM COAST,FL,32137
8075,9226 CALLE ARRAGON AVE 203,FORT MYERS,FL,33908
8076,9250 WILLOWCREST CT,FORT MYERS,FL,33908
8077,13621 EAGLE RIDGE DR 1517,FORT MYERS,FL,33912
8078,14 CURRY CT,PALM COAST,FL,32137
8079,14510 HICKORY HILL CT 722,FORT MYERS,FL,33912
8080,146 SW Peacock BLVD 24-105,Port Saint Lucie,FL,34986
8081,1543 SE MARIANA RD,Port Saint Lucie,FL,34953
8082,15720 CATALPA COVE DR,FORT MYERS,FL,33908
8083,1595 SE PORT ST LUCIE BLVD,Port Saint Lucie,FL,34953
8084,1627 SE GREEN ACRES CIR Z203,Port Saint Lucie,FL,34953
8085,17187 DRAGONFLY LN,FORT MYERS,FL,33967
8086,1772 SW WHIPPLE AVE,Port Saint Lucie,FL,34953
8087,18581 OCALA RD,FORT MYERS,FL,33967
8088,1861 COLLIER AVE,FORT MYERS,FL,33901
8089,200 CANOPY WALK LN 243,PALM COAST,FL,32137
8090,204 S RIVERWALK DR,PALM COAST,FL,32137
8091,2064 SE WILD MEADOW CIR 107,Port Saint Lucie,FL,34953
8092,227 BIRCHWOOD DR,PALM COAST,FL,32137
8093,3051 MEANDERING WAY 202,FORT MYERS,FL,33905
8094,31 RIDLEY LN,PALM COAST,FL,32164
8095,3433 SW SAVONA BLVD,Port Saint Lucie,FL,34953
8096,3825 LUVERNE ST,FORT MYERS,FL,33901
8097,526 SW Dahled AVE,Port Saint Lucie,FL,34953
8098,581 NW Mercantile PL D-7,Port Saint Lucie,FL,34986
8099,616 SW Abraham AVE,Port Saint Lucie,FL,34953
8100,6671 NEAL RD,FORT MYERS,FL,33905
8101,7480 TWIN EAGLE LN,FORT MYERS,FL,33912
8102,9648 HEMINGWAY LN 4404,FORT MYERS,FL,33913
8103,1 ROYALE LN,PALM COAST,FL,32164
8104,1061 SW Deauville AVE,Port Saint Lucie,FL,34953
8105,1096 ELM ST, OKEECHOBEE,FL,34974
8106,1098 SW MAJORCA AVE,Port Saint Lucie,FL,34953
8107,12382 COUNTRY DAY CIR,FORT MYERS,FL,33913
8108,12414 ROCK RIDGE LN,FORT MYERS,FL,33913
8109,12575 FAIRINGTON WAY,FORT MYERS,FL,33913
8110,1271 SW ERMINE AVE,Port Saint Lucie,FL,34953
8111,14735 CALUSA PALMS DR 101,FORT MYERS,FL,33919
8112,14801 PARK LAKE DR 110,FORT MYERS,FL,33919
8113,16071 LAKEVIEW DR,FORT MYERS,FL,33908
8114,16645 WELLINGTON LAKES CIR,FORT MYERS,FL,33908
8115,17620 PRIMROSE CT,FORT MYERS BEACH,FL,33931
8116,2314 SW KENT CIR,Port Saint Lucie,FL,34953
8117,2400 FIRST ST,FORT MYERS,FL,33901
8118,25 PINWHEEL LN,PALM COAST,FL,32164
8119,2626 SW Cactus CIR,Port Saint Lucie,FL,34953
8120,2730 LAKEVIEW DR,FORT MYERS,FL,33905
8121,2925 WINKLER AVE 911,FORT MYERS,FL,33916
8122,30 ROLLINS LN,PALM COAST,FL,32164
8123,31 RAINBOW LN,PALM COAST,FL,32164
8124,3402 SW MARTIN ST,Port Saint Lucie,FL,34953
8125,3545 SE HYDE CIR,Port Saint Lucie,FL,34953
8126,398 SE EVERGREEN TERR,Port Saint Lucie,FL,34953
8127,4 POINCE PL,PALM COAST,FL,32164
8128,4381 LAZIO WAY 506,FORT MYERS,FL,33901
8129,45 ROUND THORN DR,PALM COAST,FL,32164
8130,4525 NW Glazbrook ST,Port Saint Lucie,FL,34953
8131,502 SE MAJESTIC TERR,Port Saint Lucie,FL,34953
8132,5260 S LANDINGS DR 1203,FORT MYERS,FL,33919
8133,63 SEATTLE TRL,PALM COAST,FL,32164
8134,767 NW Biscayne DR,Port Saint Lucie,FL,34953
8135,7840 LAKE SAWGRASS LOOP 4012,FORT MYERS,FL,33907
8136,8292 SHORECREST DR,FORT MYERS,FL,33912
8137,8358 BERNWOOD COVE LOOP 709,FORT MYERS,FL,33966
8138,969 SW WHITTIER TERR,Port Saint Lucie,FL,34953
8139,104 SMITH TRL,PALM COAST,FL,32164
8140,10720 RAVENNA WAY 402,FORT MYERS,FL,33913
8141,10800 ESSEX SQUARE BLVD,FORT MYERS,FL,33913
8142,11260 JACANA CT 2001,FORT MYERS,FL,33908
8143,11397 SW Olmstead DR,Port Saint Lucie,FL,34987
8144,1290 SW MOONLITE COVE,Port Saint Lucie,FL,34953
8145,1304 CANTERBURY DR,FORT MYERS,FL,33901
8146,13288 WHITE MARSH LN 3421,FORT MYERS,FL,33912
8147,14 FILLMORE LN,PALM COAST,FL,32137
8148,14063 BENTLY CIR,FORT MYERS,FL,33912
8149,1741 SW Cochran ST,Port Saint Lucie,FL,34953
8150,2491 SW PAGE CIR,Port Saint Lucie,FL,34953
8151,29100 TERAMO WAY, NAPLES,FL,34110
8152,310 SE LANCASTER AVE,Port Saint Lucie,FL,34953
8153,338 NW TUSCANY WAY,Port Saint Lucie,FL,34986
8154,4206 BELLASOL CIR 723,FORT MYERS,FL,33916
8155,457 NW Concord DR,Port Saint Lucie,FL,34953
8156,464 SW Aster RD,Port Saint Lucie,FL,34953
8157,485 SW Deer RUN,Port Saint Lucie,FL,34953
8158,54 AIRPORT COMMERCE CENTER DR,PALM COAST,FL,32164
8159,5448 NINTH AVE,FORT MYERS,FL,33907
8160,579 SW Aster RD,Port Saint Lucie,FL,34953
8161,58 BRISTOL LN,PALM COAST,FL,32137
8162,7500 ESTERO BLVD 507,FORT MYERS BEACH,FL,33931
8163,789 SW DORCHESTER ST,Port Saint Lucie,FL,34953
8164,11220 SW Northland DR,Port Saint Lucie,FL,34987
8165,1192 SW IVANHOE ST,Port Saint Lucie,FL,34953
8166,12930 KELLY GREENS BLVD,FORT MYERS,FL,33908
8167,134 FOSTER LN,PALM COAST,FL,32137
8168,16142 FOREST OAKS DR,FORT MYERS,FL,33908
8169,168 UNDERWOOD TRL,PALM COAST,FL,32164
8170,1741 SW WHIPPLE AVE,Port Saint Lucie,FL,34953
8171,18200 PIONEER RD,FORT MYERS,FL,33908
8172,272 NW GOLDCOAST AVE,Port Saint Lucie,FL,34953
8173,28 LLEWELLYN TRL,PALM COAST,FL,32164
8174,30 RENWORTH LN,PALM COAST,FL,32164
8175,317 SE Calmoso DR,Port Saint Lucie,FL,34953
8176,328 SW LAMA AVE,Port Saint Lucie,FL,34953
8177,331 BUENA VISTA BLVD,FORT MYERS,FL,33905
8178,3464 SW HALE ST,Port Saint Lucie,FL,34953
8179,445 SW HORSESHOE BAY,Port Saint Lucie,FL,34953
8180,46 WOODWORTH DR,PALM COAST,FL,32164
8181,491 SE VOLKERTS TERR,Port Saint Lucie,FL,34953
8182,5466 NW MODEL CT,Port Saint Lucie,FL,34953
8183,5840 NW Corso AVE,Port Saint Lucie,FL,34953
8184,606 CAROLINA AVE,FORT MYERS,FL,33905
8185,801 SW JASLO AVE,Port Saint Lucie,FL,34953
8186,830 DEEP LAGOON LN,FORT MYERS,FL,33919
8187,91 ROLLING SANDS DR,PALM COAST,FL,32164
8188,9311 RIVER OTTER DR,FORT MYERS,FL,33912
8189,13270 GREYWOOD CIR,FORT MYERS,FL,33966
8190,1465 SE RIVERGREEN CIR,Port Saint Lucie,FL,34953
8191,15100 BAGPIPE WAY 202,FORT MYERS,FL,33912
8192,16440 KELLY COVE DR 2822,FORT MYERS,FL,33908
8193,188 SW RIDGECREST DR,Port Saint Lucie,FL,34953
8194,1919 SW EMBER ST,Port Saint Lucie,FL,34953
8195,2954 SW Boxwood CIR,Port Saint Lucie,FL,34953
8196,3263 SE WEST SNOW RD,Port Saint Lucie,FL,34953
8197,349 SE EVANS AVE,Port Saint Lucie,FL,34953
8198,4109 COLONIAL BLVD 502,FORT MYERS,FL,33907
8199,4806 LAUREL LN,FORT MYERS,FL,33908
8200,52 KALAMAZOO TRL,PALM COAST,FL,32164
8201,6125 NW East Deville CIR,Port Saint Lucie,FL,34953
8202,708 NW Leonardo CIR,Port Saint Lucie,FL,34986
8203,941 SW HAAS AVE,Port Saint Lucie,FL,34953
8204,1031 SW Bayshore BLVD,Port Saint Lucie,FL,34953
8205,11091 MAHOGANY RUN,FORT MYERS,FL,33913
8206,11204 WINE PALM RD,FORT MYERS,FL,33966
8207,12244 TREELINE AVE 8,FORT MYERS,FL,33913
8208,14 RAINSTONE LN,PALM COAST,FL,32164
8209,1457 SW VICUNA LN,Port Saint Lucie,FL,34953
8210,1593 SE Crowberry DR,Port Saint Lucie,FL,34953
8211,17380 STERLING LAKE DR,FORT MYERS,FL,33967
8212,2 SHINNECOCK CT,PALM COAST,FL,32137
8213,20 PITT LN,PALM COAST,FL,32164
8214,2180 TOWLES ST,FORT MYERS,FL,33916
8215,221 S RIVERWALK DR,PALM COAST,FL,32137
8216,2314 SW MADRID RD,Port Saint Lucie,FL,34953
8217,2366 E MALL DR 504,FORT MYERS,FL,33901
8218,2425 SW HINCHMAN ST,Port Saint Lucie,FL,34953
8219,31 ETON LN,PALM COAST,FL,32164
8220,3230-3274 3230-3274 FORUM BLVD,FORT MYERS,FL,33905
8221,3285 NEW SOUTH PROVINCE BLVD 2,FORT MYERS,FL,33907
8222,42 ETHAN ALLEN DR,PALM COAST,FL,32164
8223,434 SE DOAT ST,Port Saint Lucie,FL,34953
8224,509 SW NAUTICAL AVE,Port Saint Lucie,FL,34953
8225,510 ESTERO BLVD 502,FORT MYERS BEACH,FL,33931
8226,543 NE Canoe Park CIR,Port Saint Lucie,FL,34983
8227,5442 FOURTH AVE,FORT MYERS,FL,33907
8228,5500 NW Chapel CT,Port Saint Lucie,FL,34953
8229,81 PINE CIRCLE DR,PALM COAST,FL,32164
8230,824 ALDERMAN ST 204,FORT MYERS,FL,33916
8231,8326 BAMBOO RD,FORT MYERS,FL,33967
8232,8451 KINGBIRD LOOP 335,FORT MYERS,FL,33967
8233,914 SOUTH TOWN & RIVER DR,FORT MYERS,FL,33919
8234,9571 CYPRESS LAKE DR,FORT MYERS,FL,33919
8235,104 SURFVIEW DR 2603,PALM COAST,FL,32137
8236,11791 METRO PKWY,FORT MYERS,FL,33966
8237,126 FAIRWEATHER LN,FORT MYERS BEACH,FL,33931
8238,14429 REFLECTION LAKES DR,FORT MYERS,FL,33907
8239,16 FAIRBANK LN,PALM COAST,FL,32137
8240,16625 LAKE CIRCLE DR 528,FORT MYERS,FL,33908
8241,17170 HARBOUR POINTE DR 705,FORT MYERS,FL,33908
8242,221 SW North Wakefield CIR,Port Saint Lucie,FL,34953
8243,2281 SE SIDONIA ST,Port Saint Lucie,FL,34953
8244,28 LUDLOW LN E,PALM COAST,FL,32137
8245,316 NW SHERBROOKE AVE,Port Saint Lucie,FL,34953
8246,4330 ESTERO BLVD,FORT MYERS BEACH,FL,33931
8247,4464 NW Albion AVE,Port Saint Lucie,FL,34953
8248,4642 SW LACKAWANNA ST,Port Saint Lucie,FL,34953
8249,5336 GLENLIVET RD,FORT MYERS,FL,33907
8250,5474 NW Culver CT,Port Saint Lucie,FL,34953
8251,5535 AVENIDA PESCADORA,FORT MYERS BEACH,FL,33931
8252,6576 SAND SPUR LN,FORT MYERS,FL,33919
8253,737 SW College Park RD,Port Saint Lucie,FL,34953
8254,8850 SPRING MOUNTAIN WAY,FORT MYERS,FL,33908
8255,908 SE Breakwater AVE,Port Saint Lucie,FL,34953
8256,106 LONGVIEW WAY N,PALM COAST,FL,32137
8257,1103 ORANGE LOOP, OKEECHOBEE,FL,34974
8258,14621 SHERBROOK PL 106,FORT MYERS,FL,33912
8259,148 WELLINGTON DR,PALM COAST,FL,32164
8260,17421 DEVORE LN,FORT MYERS,FL,33913
8261,18 BLUE HERON LN,PALM COAST,FL,32137
8262,1893 SW Via Rossa,Port Saint Lucie,FL,34953
8263,19 POPE LN,PALM COAST,FL,32164
8264,1903 LILLIE ST,FORT MYERS,FL,33916
8265,221 RUE LABONNE RD,FORT MYERS,FL,33913
8266,2221 SE MAIZE ST,Port Saint Lucie,FL,34953
8267,2242 SW Best ST,Port Saint Lucie,FL,34953
8268,24 COTTAGEGATE CT,PALM COAST,FL,32137
8269,2541 FRANKLIN ST,FORT MYERS,FL,33901
8270,30 FREDERICK LN,PALM COAST,FL,32137
8271,30 BROCKTON LN,PALM COAST,FL,32137
8272,309 SE Dalva AVE,Port Saint Lucie,FL,34953
8273,3377 SHELL MOUND BLVD,FORT MYERS BEACH,FL,33931
8274,3535 EDISON AVE,FORT MYERS,FL,33916
8275,385 SW North Shore BLVD,Port Saint Lucie,FL,34986
8276,4360 LAZIO WAY 1008,FORT MYERS,FL,33901
8277,4671 SW Bachelor ST,Port Saint Lucie,FL,34953
8278,4790 S CLEVELAND AVE 1708,FORT MYERS,FL,33907
8279,5 LAUREL OAK PL,PALM COAST,FL,32137
8280,6360 ARAGON WAY 108,FORT MYERS,FL,33966
8281,65 LAKE SUCCESS DR,PALM COAST,FL,32137
8282,792 SW Arkansas TER,Port Saint Lucie,FL,34953
8283,8 FLARESTONE CT,PALM COAST,FL,32137
8284,826 ZANA DR,FORT MYERS,FL,33905
8285,9381 BUCKINGHAM RD,FORT MYERS,FL,33905
8286,9451 OLD HICKORY CIR,FORT MYERS,FL,33912
8287,10035 VIA COLOMBA CIR 106,FORT MYERS,FL,33966
8288,10659 PELICAN PRESERVE BLVD D,FORT MYERS,FL,33913
8289,1091 SW MATARO AVE,Port Saint Lucie,FL,34953
8290,11621 SW Mountain Ash CIR,Port Saint Lucie,FL,34987
8291,12 LANSDOWNE LN,PALM COAST,FL,32137
8292,122 SW Peacock BLVD 12-105,Port Saint Lucie,FL,34986
8293,12610 EQUESTRIAN CIR 1601,FORT MYERS,FL,33907
8294,14244 MINDELLO DR,FORT MYERS,FL,33905
8295,14970 VISTA VIEW WAY 304,FORT MYERS,FL,33919
8296,15079 BALMORAL LOOP,FORT MYERS,FL,33919
8297,1761 SW Aztec AVE,Port Saint Lucie,FL,34953
8298,19 LAMAR LN,PALM COAST,FL,32137
8299,2062 SW SUNGLOW ST,Port Saint Lucie,FL,34953
8300,2367 SW KENT CIR,Port Saint Lucie,FL,34953
8301,273 SE Fascino CIR,Port Saint Lucie,FL,34984
8302,28510 CALABRIA CT 201, NAPLES,FL,34110
8303,31 DOGWOOD WAY,FORT MYERS,FL,33908
8304,3240 SHADY BEND WAY,FORT MYERS,FL,33905
8305,38 LYNBROOK DR,PALM COAST,FL,32137
8306,43 FARISTON PL,PALM COAST,FL,32137
8307,452 SW Carmelite ST,Port Saint Lucie,FL,34953
8308,551 NW Avon AVE,Port Saint Lucie,FL,34953
8309,6049 PERTHSHIRE LN,FORT MYERS,FL,33908
8310,7077 CEDARHURST DR,FORT MYERS,FL,33919
8311,7360 ESTERO BLVD 706,FORT MYERS BEACH,FL,33931
8312,8305 SUMNER AVE,FORT MYERS,FL,33908
8313,87 MIDDLESEX RD,FORT MYERS,FL,33908
8314,89 PERSIMMON DR,PALM COAST,FL,32164
8315,9 PEPITA ST,FORT MYERS BEACH,FL,33931
8316,9271 CENTRAL PARK DR 203,FORT MYERS,FL,33919
8317,10758 SW Visconti WAY,Port Saint Lucie,FL,34986
8318,11860 BAYPORT LN 1802,FORT MYERS,FL,33908
8319,12 LAKE FOREST CT N,PALM COAST,FL,32137
8320,1214 SE NAPLES LN,Port Saint Lucie,FL,34953
8321,12335 ANGLERS COVE,FORT MYERS,FL,33908
8322,14280 HICKORY LINKS CT 2016,FORT MYERS,FL,33912
8323,14365 HARBOUR LINKS CT 26B,FORT MYERS,FL,33908
8324,1445 JORDAN LOOP, OKEECHOBEE,FL,34974
8325,15261 CEMETERY RD,FORT MYERS,FL,33905
8326,169 SE OSPREY RIDGE,Port Saint Lucie,FL,34953
8327,17396 FUCHSIA RD,FORT MYERS,FL,33967
8328,17741 EGLANTINE LN,FORT MYERS BEACH,FL,33931
8329,1911 SW MCALLISTER LN,Port Saint Lucie,FL,34953
8330,2030 MARAVILLA CIR,FORT MYERS,FL,33901
8331,2056 SW HARRISON AVE,Port Saint Lucie,FL,34953
8332,2070 SE WEST DUNBROOKE CIR,Port Saint Lucie,FL,34953
8333,2325 SW Almansa AVE,Port Saint Lucie,FL,34953
8334,2575 HANSON ST,FORT MYERS,FL,33901
8335,26 FAIRVIEW BLVD,FORT MYERS BEACH,FL,33931
8336,28 HERON DR,PALM COAST,FL,32137
8337,28252 TERRAZZA LN, NAPLES,FL,34110
8338,2897 SE ITALY ST,Port Saint Lucie,FL,34953
8339,344 SE HUSTED TERR,Port Saint Lucie,FL,34953
8340,345 NE MIDFIELD LN,Port Saint Lucie,FL,34953
8341,3471 SW VOYAGER ST,Port Saint Lucie,FL,34953
8342,3716 KILARNEY ST,FORT MYERS,FL,33905
8343,44 FRONTIER DR,PALM COAST,FL,32137
8344,4616 FLAGSHIP DR 102,FORT MYERS,FL,33919
8345,4790 S CLEVELAND AVE 804,FORT MYERS,FL,33907
8346,541 NW Colonial ST,Port Saint Lucie,FL,34983
8347,589 NW Cornell AVE,Port Saint Lucie,FL,34953
8348,6216 PLUMOSA AVE,FORT MYERS,FL,33908
8349,6624 FAIRVIEW ST,FORT MYERS,FL,33966
8350,7121 GOLDEN EAGLE CT 613,FORT MYERS,FL,33912
8351,750 SW PORT ST LUCIE BLVD,Port Saint Lucie,FL,34953
8352,1052 NW Bayshore BLVD,Port Saint Lucie,FL,34953
8353,11013 MILL CREEK WAY 1203,FORT MYERS,FL,33913
8354,1126 SW Bianca AVE,Port Saint Lucie,FL,34953
8355,11751 PASETTO LN 304,FORT MYERS,FL,33908
8356,13651 SOPHOMORE LN,FORT MYERS,FL,33912
8357,14081 BRANT POINT CIR 5403,FORT MYERS,FL,33919
8358,14530 HICKORY HILL CT 925,FORT MYERS,FL,33912
8359,1565 SW IFFLA AVE,Port Saint Lucie,FL,34953
8360,2289 SE SEAMIST ST,Port Saint Lucie,FL,34953
8361,256 SW ESSEX DR,Port Saint Lucie,FL,34953
8362,26 KATHLEEN TRL,PALM COAST,FL,32164
8363,3 SEA FLOWER PATH,PALM COAST,FL,32164
8364,391 SW N QUICK CIR,Port Saint Lucie,FL,34953
8365,42 ROYAL OAK DR,PALM COAST,FL,32164
8366,433 NE REDROCK CT,Port Saint Lucie,FL,34953
8367,5637/5639 5637/5639 SEVENTH AVE,FORT MYERS,FL,33907
8368,5885 TRAILWINDS DR 722,FORT MYERS,FL,33907
8369,6 SLEIGH BELL PL,PALM COAST,FL,32164
8370,6090 ESTERO BLVD,FORT MYERS BEACH,FL,33931
8371,6450 ARAGON WAY 102,FORT MYERS,FL,33966
8372,67 BUTTERMILL DR,PALM COAST,FL,32137
8373,7 REGENT LN,PALM COAST,FL,32164
8374,857 BETHANY CT N,FORT MYERS,FL,33919
8375,86 SECRETARY TRL,PALM COAST,FL,32164
8376,8801 BUSINESS PARK DR 201,FORT MYERS,FL,33912
8377,9 RANBER PL,PALM COAST,FL,32164
8378,9 RYAPPLE LN,PALM COAST,FL,32164
8379,10441 NIGHTWOOD DR,FORT MYERS,FL,33905
8380,10760 PALAZZO WAY 405,FORT MYERS,FL,33913
8381,1140 SW Ackard AVE,Port Saint Lucie,FL,34953
8382,1149 SW HUNNICUT AVE,Port Saint Lucie,FL,34953
8383,11741 PASETTO LN 302,FORT MYERS,FL,33908
8384,1206 SW EMERALD AVE,Port Saint Lucie,FL,34953
8385,1216 ALHAMBRA DR,FORT MYERS,FL,33901
8386,1228 SHADOW LN,FORT MYERS,FL,33901
8387,13930 EAGLE RIDGE LAKES DR 102,FORT MYERS,FL,33912
8388,1569 CRANFORD AVE,FORT MYERS,FL,33916
8389,1597 SE PORT ST LUCIE BLVD,Port Saint Lucie,FL,34953
8390,1607 ARDMORE RD,FORT MYERS,FL,33901
8391,1859 SW Dalmatian AVE,Port Saint Lucie,FL,34953
8392,190 SW PORT ST LUCIE BLVD,Port Saint Lucie,FL,34984
8393,23 BRESSLER LN,PALM COAST,FL,32137
8394,3713 BELL ST,FORT MYERS,FL,33916
8395,441 SW Buxton AVE,Port Saint Lucie,FL,34953
8396,50 SOUTH RD,FORT MYERS,FL,33907
8397,5996 NW Wolverine RD,Port Saint Lucie,FL,34953
8398,6 ZAUN CT,PALM COAST,FL,32164
8399,604 MAHOGANY RUN,PALM COAST,FL,32137
8400,6300 ARAGON WAY 108,FORT MYERS,FL,33966
8401,6400 MAYTREE CIR,FORT MYERS,FL,33905
8402,6556 WINKLER RD,FORT MYERS,FL,33919
8403,8050 TIGER PALM WAY,FORT MYERS,FL,33966
8404,8928 BAYTOWNE LOOP,FORT MYERS,FL,33908
8405,9314 LA BIANCO ST,FORT MYERS,FL,33967
8406,967 NW Leonardo CIR,Port Saint Lucie,FL,34986
8407,11578 PLANTATION PRESERVE CIR S,FORT MYERS,FL,33966
8408,11586 PLANTATION PRESERVE CIR S,FORT MYERS,FL,33966
8409,1208 SW JACQUELINE AVE,Port Saint Lucie,FL,34953
8410,1339 BURTWOOD DR,FORT MYERS,FL,33901
8411,1405 SW Osprey Cove,Port Saint Lucie,FL,34953
8412,1530 ARGYLE DR,FORT MYERS,FL,33919
8413,160 CYPRESS POINT PKWY D101,PALM COAST,FL,32164
8414,1707 SW California BLVD,Port Saint Lucie,FL,34953
8415,17120 BRIDGESTONE CT 108,FORT MYERS,FL,33908
8416,18531 SPRUCE DR W,FORT MYERS,FL,33967
8417,19681 SUMMERLIN RD 203,FORT MYERS,FL,33908
8418,201 SE WHITMORE DR,Port Saint Lucie,FL,34953
8419,2012 S OLGA DR 36,FORT MYERS,FL,33905
8420,2091 SE GIFFEN AVE,Port Saint Lucie,FL,34953
8421,2279 SW PLYMOUTH ST,Port Saint Lucie,FL,34953
8422,2625 SW TANFORAN BLVD,Port Saint Lucie,FL,34953
8423,2785 SE RAWLINGS RD,Port Saint Lucie,FL,34953
8424,28 BLACK HAWK PL,PALM COAST,FL,32137
8425,346 NW TUSCANY WAY,Port Saint Lucie,FL,34986
8426,38 LEIDEL DR,PALM COAST,FL,32137
8427,50 WESTMORELAND DR,PALM COAST,FL,32164
8428,5240 BANK ST 14,FORT MYERS,FL,33907
8429,592 SW MCCOMB AVE,Port Saint Lucie,FL,34953
8430,6921 WESTWOOD ACRES RD,FORT MYERS,FL,33905
8431,80 SURFVIEW DR 723,PALM COAST,FL,32137
8432,893 SW Grand Reserve BLVD,Port Saint Lucie,FL,34986
8433,912 SW HARVARD RD,Port Saint Lucie,FL,34953
8434,9287 SCARLETTE OAK AVE,FORT MYERS,FL,33967
8435,1023 NW TUSCANY DR,Port Saint Lucie,FL,34986
8436,10478 SW Visconti WAY,Port Saint Lucie,FL,34986
8437,115 RIVERVIEW BND S 2125,PALM COAST,FL,32137
8438,11580 ARIANA DR,FORT MYERS,FL,33908
8439,13160 KINGS POINT DR 9,FORT MYERS,FL,33919
8440,1486 SW Calmar AVE,Port Saint Lucie,FL,34953
8441,1518 BROOKHILL DR,FORT MYERS,FL,33916
8442,15205 PARKSIDE DR 102,FORT MYERS,FL,33908
8443,1633 SE LENNARD RD,Port Saint Lucie,FL,34953
8444,16351 LEE RD,FORT MYERS,FL,33912
8445,16685 LAKE CIRCLE DR 1022,FORT MYERS,FL,33908
8446,190 ARENA LAKE DR,PALM COAST,FL,32137
8447,2044 SW VILLANOVA RD,Port Saint Lucie,FL,34953
8448,21 EMILY LN,FORT MYERS BEACH,FL,33931
8449,2133 SW SAVAGE BLVD,Port Saint Lucie,FL,34953
8450,29 GARDEN DR,FORT MYERS,FL,33908
8451,2913 SW Chatham LN,Port Saint Lucie,FL,34953
8452,3735 MAXINE ST,FORT MYERS,FL,33901
8453,3740 SUNTRUST DR,FORT MYERS,FL,33916
8454,422 NW Sunview WAY,Port Saint Lucie,FL,34986
8455,481 SE STARFLOWER AVE,Port Saint Lucie,FL,34953
8456,5317 SUMMERLIN RD 1716,FORT MYERS,FL,33919
8457,61 FULTON PL,PALM COAST,FL,32137
8458,6180 NW Pine Trail CIR,Port Saint Lucie,FL,34983
8459,6520 NW POMONA CT,Port Saint Lucie,FL,34953
8460,6579 NW Chugwater CIR,Port Saint Lucie,FL,34953
8461,881 SW KOLER AVE,Port Saint Lucie,FL,34953
8462,8904 CEDAR HOLLOW DR,FORT MYERS,FL,33912
8463,10 WILDWOOD PL,PALM COAST,FL,32164
8464,1001 SW IDOL AVE,Port Saint Lucie,FL,34953
8465,1054 SUMTER DR,FORT MYERS,FL,33905
8466,122 SW GLENWOOD DR,Port Saint Lucie,FL,34953
8467,12565 PALMETTO DR,FORT MYERS,FL,33908
8468,15051 PUNTA RASSA RD 514,FORT MYERS,FL,33908
8469,155 S RIVERWALK DR,PALM COAST,FL,32137
8470,1752 SW Angelo ST,Port Saint Lucie,FL,34953
8471,1792 SE Canora RD,Port Saint Lucie,FL,34953
8472,19470 CROMWELL CT 106,FORT MYERS,FL,33912
8473,24 WELLESLEY LN,PALM COAST,FL,32164
8474,27 LEWIS DR,PALM COAST,FL,32137
8475,310 DEXTER DR,FORT MYERS,FL,33905
8476,316 NW Chipshot LN,Port Saint Lucie,FL,34986
8477,3706 BROADWAY 12,FORT MYERS,FL,33901
8478,4 PRINCESS RUTH LN,PALM COAST,FL,32164
8479,408 SW Bradshaw CIR,Port Saint Lucie,FL,34953
8480,5843 TALLOWOOD CIR,FORT MYERS,FL,33919
8481,5845 NW Culebra AVE,Port Saint Lucie,FL,34953
8482,6 WESTGRILL DR,PALM COAST,FL,32164
8483,614 SW Barbuda AVE,Port Saint Lucie,FL,34953
8484,7150 ESTERO BLVD 604,FORT MYERS BEACH,FL,33931
8485,8 CRAFT CT,PALM COAST,FL,32137
8486,814 WOODRIDGE CIR,FORT MYERS,FL,33913
8487,8393 LANGSHIRE WAY,FORT MYERS,FL,33912
8488,8771 ESTERO BLVD 901,FORT MYERS BEACH,FL,33931
8489,10730 RAVENNA WAY 201,FORT MYERS,FL,33913
8490,1123 SW FOREST HILL COVE,Port Saint Lucie,FL,34953
8491,114 SUN CIR,FORT MYERS,FL,33905
8492,1257 SECOND ST,FORT MYERS,FL,33905
8493,1272 BURBECK ST,FORT MYERS,FL,33913
8494,12830 ASTON OAKS DR,FORT MYERS,FL,33912
8495,13 RICKER PL,PALM COAST,FL,32164
8496,13126 FEATHER SOUND DR 317,FORT MYERS,FL,33919
8497,1361 SE FLORESTA DR,Port Saint Lucie,FL,34953
8498,14631 ORANGE RIVER RD,FORT MYERS,FL,33905
8499,1470 FRIENDSHIP WALKWAY,FORT MYERS,FL,33901
8500,14860 DAVID DR,FORT MYERS,FL,33908
8501,149 FRONTIER DR,PALM COAST,FL,32137
8502,16144 CUTTERS CT,FORT MYERS,FL,33908
8503,170 SE Tramonto ST,Port Saint Lucie,FL,34984
8504,1830 BRANTLEY RD C7,FORT MYERS,FL,33907
8505,2509 SE Pineland DR,Port Saint Lucie,FL,34952
8506,2562 SE MARIPOSA AVE,Port Saint Lucie,FL,34953
8507,2678 SW MONTERREY LN,Port Saint Lucie,FL,34953
8508,314 SW PANTHER TRACE,Port Saint Lucie,FL,34953
8509,34 SEA GREEN PATH,PALM COAST,FL,32164
8510,36 FOSTER LN,PALM COAST,FL,32137
8511,3827 ARNOLD DR,FORT MYERS,FL,33916
8512,43 WENTWORTH LN,PALM COAST,FL,32164
8513,4403 FOREMAST CT,FORT MYERS,FL,33919
8514,4673 SW SAVONA BLVD,Port Saint Lucie,FL,34953
8515,5 PRINCESS JEANETTE PL,PALM COAST,FL,32164
8516,5 OCEAN CREST WAY 1442,PALM COAST,FL,32137
8517,7402 LAKE BREEZE DR 212,FORT MYERS,FL,33907
8518,8097 CYPRESS DR S,FORT MYERS,FL,33967
8519,9039 PROSPERITY WAY,FORT MYERS,FL,33913
8520,9800 HEALTHPARK CIR 102,FORT MYERS,FL,33908
8521,1033 SW JACQUELINE AVE,Port Saint Lucie,FL,34953
8522,106 PUTTER DR,PALM COAST,FL,32164
8523,12 RODGER PL,PALM COAST,FL,32164
8524,12161 CORCORAN PL,FORT MYERS,FL,33913
8525,12581 KELLY SANDS WAY 521,FORT MYERS,FL,33908
8526,14851 CANAAN DR,FORT MYERS,FL,33908
8527,16239 VIA SOLERA CIR 104,FORT MYERS,FL,33908
8528,16708 BOBCAT DR,FORT MYERS,FL,33908
8529,19673 VILLA ROSA LOOP,FORT MYERS,FL,33967
8530,2094 SW Newport Isles BLVD,Port Saint Lucie,FL,34953
8531,21460 BAY VILLAGE DR 233,FORT MYERS BEACH,FL,33931
8532,26 BOXWOOD LN,PALM COAST,FL,32137
8533,2773 SE GARFIELD AVE,Port Saint Lucie,FL,34953
8534,29141 BRENDISI WAY 9202, NAPLES,FL,34110
8535,34 ZAUN TRL,PALM COAST,FL,32164
8536,447 SE NOME DR,Port Saint Lucie,FL,34984
8537,471 SW PAAR DR,Port Saint Lucie,FL,34953
8538,4753 ESTERO BLVD 1001,FORT MYERS BEACH,FL,33931
8539,5247 GREENBRIAR DR,FORT MYERS,FL,33919
8540,5741 NW Bonny CT,Port Saint Lucie,FL,34953
8541,8410 RIVIERA AVE,FORT MYERS,FL,33919
8542,1049 SE Bywood AVE,Port Saint Lucie,FL,34953
8543,10837 GLENHURST ST,FORT MYERS,FL,33913
8544,1157 SW Dalton AVE,Port Saint Lucie,FL,34953
8545,11818 DIXON DR,FORT MYERS,FL,33913
8546,125 SW GLENWOOD DR,Port Saint Lucie,FL,34953
8547,13296 ISLAND RD,FORT MYERS,FL,33905
8548,13957 AVON PARK CIR,FORT MYERS,FL,33912
8549,1473 XAVIER AVE,FORT MYERS,FL,33919
8550,14950 DAVID DR,FORT MYERS,FL,33908
8551,14981 VISTA VIEW WAY 1104,FORT MYERS,FL,33919
8552,150 LENELL RD 703,FORT MYERS BEACH,FL,33931
8553,16790 PANTHER PAW CT,FORT MYERS,FL,33908
8554,1705 WHITTLING CT,FORT MYERS,FL,33901
8555,19 CLEMENTON LN,PALM COAST,FL,32137
8556,19054 EVERGREEN RD,FORT MYERS,FL,33967
8557,1920 VIRGINIA AVE 1002,FORT MYERS,FL,33901
8558,1978 SW VILLANOVA RD,Port Saint Lucie,FL,34953
8559,2 SQUADRON PL,PALM COAST,FL,32164
8560,2082 SE Allamanda DR,Port Saint Lucie,FL,34953
8561,2160/2168 2160/2168 ANDREA LN,FORT MYERS,FL,33912
8562,26 ROUND MILL LN,PALM COAST,FL,32164
8563,2845 WINKLER AVE 307,FORT MYERS,FL,33916
8564,410 SW SYCAMORE COVE,Port Saint Lucie,FL,34953
8565,4229 SW OBLIQUE ST,Port Saint Lucie,FL,34953
8566,4471 BAY BEACH LN 343,FORT MYERS BEACH,FL,33931
8567,5 HOLLY CT,PALM COAST,FL,32137
8568,525 NW Biscayne DR,Port Saint Lucie,FL,34953
8569,61 LA MANCHA DR,PALM COAST,FL,32137
8570,6171 FOREST VILLAS CIR,FORT MYERS,FL,33908
8571,8261 GRAND PALM DR 3,FORT MYERS,FL,33967
8572,1198 SE PURITAN LN,Port Saint Lucie,FL,34953
8573,121 SW Palm DR 304,Port Saint Lucie,FL,34986
8574,14198 REFLECTION LAKES DR,FORT MYERS,FL,33907
8575,1426 BROOKHILL DR,FORT MYERS,FL,33916
8576,1631 SW Aledo LN,Port Saint Lucie,FL,34953
8577,16881 DAVIS RD 615,FORT MYERS,FL,33908
8578,1786 SE Cascella CT,Port Saint Lucie,FL,34953
8579,190 BIRD OF PARADISE DR,PALM COAST,FL,32137
8580,2 WHITTINGHAM LN,PALM COAST,FL,32164
8581,2102 SW Barthel ST,Port Saint Lucie,FL,34953
8582,23 POINSETTIA LN,PALM COAST,FL,32164
8583,2868 SE EAGLE DR,Port Saint Lucie,FL,34953
8584,46 ZINNIA TRL,PALM COAST,FL,32164
8585,51 WENTWORTH LN,PALM COAST,FL,32164
8586,533 SW TARRA AVE,Port Saint Lucie,FL,34953
8587,5600 NE ST JAMES DR,Port Saint Lucie,FL,34953
8588,60 SURFVIEW DR 206,PALM COAST,FL,32137
8589,6150 TIDEWATER ISLAND CIR,FORT MYERS,FL,33908
8590,656 NW RIVERSIDE DR,Port Saint Lucie,FL,34953
8591,68 COVINGTON LN,PALM COAST,FL,32137
8592,818 SW Rocky Bayou TER,Port Saint Lucie,FL,34986
8593,8209 BIBIANA WAY 405,FORT MYERS,FL,33912
8594,85 BIRD OF PARADISE DR,PALM COAST,FL,32137
8595,9 PLATEAU PL,PALM COAST,FL,32164
8596,10661 SW Waterway LN,Port Saint Lucie,FL,34987
8597,12 WOOD ARBOR LN,PALM COAST,FL,32164
8598,13565 EAGLE RIDGE DR 1128,FORT MYERS,FL,33912
8599,13861 SLEEPY HOLLOW LN,FORT MYERS,FL,33905
8600,14511 FARRINGTON WAY 201,FORT MYERS,FL,33912
8601,1580 PINE VALLEY DR 408,FORT MYERS,FL,33907
8602,1596 WHISKEY CREEK DR,FORT MYERS,FL,33919
8603,1647 S FOUNTAINHEAD RD,FORT MYERS,FL,33919
8604,17610 PEPPARD DR,FORT MYERS BEACH,FL,33931
8605,1843 BRAMAN AVE,FORT MYERS,FL,33901
8606,18610 CYPRESS HAVEN DR,FORT MYERS,FL,33908
8607,200 OCEAN CREST DR 316,PALM COAST,FL,32137
8608,218 SW REYNOLDS AVE,Port Saint Lucie,FL,34953
8609,2825 PALM BEACH BLVD 205,FORT MYERS,FL,33916
8610,30 LAKE SUCCESS DR,PALM COAST,FL,32137
8611,311 SW UNDALLO RD,Port Saint Lucie,FL,34953
8612,3308 SOUTH ST,FORT MYERS,FL,33916
8613,4324 BELLASOL CIR 3111,FORT MYERS,FL,33916
8614,5442 NW EDGEWATER AVE,Port Saint Lucie,FL,34953
8615,586 NW Avon AVE,Port Saint Lucie,FL,34953
8616,6 WOODWORTH DR,PALM COAST,FL,32164
8617,6456 NW HALIBUT ST,Port Saint Lucie,FL,34953
8618,6620 ESTERO BLVD 301,FORT MYERS BEACH,FL,33931
8619,832 NW Greenwich CT,Port Saint Lucie,FL,34983
8620,833 WOODRIDGE CIR,FORT MYERS,FL,33913
8621,8661 FLORES CT,FORT MYERS,FL,33907
8622,9014 ASTONIA WAY,FORT MYERS,FL,33967
8623,9300 LAKE PARK DR 201,FORT MYERS,FL,33919
8624,10 POSTMAN LN,PALM COAST,FL,32164
8625,1002 SW MCCALL RD,Port Saint Lucie,FL,34953
8626,1054 9TH ST, OKEECHOBEE,FL,34974
8627,1082 SW Abbot AVE,Port Saint Lucie,FL,34953
8628,11030 BEN C PRATT SIX MILE CYPRESS PKWY,FORT MYERS,FL,33966
8629,1173 SW DORCHESTER ST,Port Saint Lucie,FL,34953
8630,12229 CHAMPIONSHIP CIR,FORT MYERS,FL,33913
8631,14550 DAFFODIL DR 1007,FORT MYERS,FL,33919
8632,14891 REFLECTION KEY CIR 1112,FORT MYERS,FL,33907
8633,1500 WHISKEY CREEK DR,FORT MYERS,FL,33919
8634,16 WAYLAND PL,PALM COAST,FL,32164
8635,16256 DURHAM AVE,FORT MYERS,FL,33908
8636,16404 COCO HAMMOCK WAY,FORT MYERS,FL,33908
8637,208 PALMWOOD DR,PALM COAST,FL,32164
8638,23 FREELAND LN,PALM COAST,FL,32137
8639,23715 LINDA LEE WAY,FORT MYERS,FL,33913
8640,25 NW Boundary DR,Port Saint Lucie,FL,34986
8641,3161 ANTICA ST,FORT MYERS,FL,33905
8642,429 SW JEFFERSON CIR,Port Saint Lucie,FL,34986
8643,440 NW Concourse PL,Port Saint Lucie,FL,34953
8644,6244 TIMBERWOOD CIR 107,FORT MYERS,FL,33908
8645,6276 WESTSHORE DR 1,FORT MYERS,FL,33907
8646,71 CLUB HOUSE DR,PALM COAST,FL,32137
8647,8091 BIBIANA WAY 605,FORT MYERS,FL,33912
8648,8919 DARTMOOR WAY,FORT MYERS,FL,33908
8649,1046 SW LONDON LN,Port Saint Lucie,FL,34953
8650,1081 SE ODONNELL LN,Port Saint Lucie,FL,34953
8651,1098 DYESS RD, OKEECHOBEE,FL,34974
8652,11013 WINE PALM RD,FORT MYERS,FL,33966
8653,11118 SUNBURST LN,FORT MYERS,FL,33908
8654,1214 SW EMERALD AVE,Port Saint Lucie,FL,34953
8655,12540 EQUESTRIAN CIR 514,FORT MYERS,FL,33907
8656,1266 S BRANDYWINE CIR,FORT MYERS,FL,33919
8657,1425 SW GATLIN BLVD,Port Saint Lucie,FL,34953
8658,1457 WINKLER AVE,FORT MYERS,FL,33901
8659,15 RYECO WAY,PALM COAST,FL,32164
8660,1636 WHISKEY CREEK DR,FORT MYERS,FL,33919
8661,1920 VIRGINIA AVE 1601,FORT MYERS,FL,33901
8662,1920 VIRGINIA AVE 1303,FORT MYERS,FL,33901
8663,2064 SW Newport Isles BLVD,Port Saint Lucie,FL,34953
8664,223 AVACADO CT,FORT MYERS,FL,33905
8665,23 SEA BREEZE TRL,PALM COAST,FL,32164
8666,2697 SW Abelard ST,Port Saint Lucie,FL,34953
8667,27 FELSHIRE LN,PALM COAST,FL,32137
8668,27731 STATE RD E 78, OKEECHOBEE,FL,34974
8669,356 SW DUXBURY AVE,Port Saint Lucie,FL,34953
8670,48 FAIRBANK LN,PALM COAST,FL,32137
8671,491 SW LACONIC AVE,Port Saint Lucie,FL,34953
8672,50 SELMA TRL,PALM COAST,FL,32164
8673,5257 NW East Piper CIR,Port Saint Lucie,FL,34986
8674,561 SW Falmouth AVE,Port Saint Lucie,FL,34953
8675,565 SE FAITH TERR,Port Saint Lucie,FL,34953
8676,6024 TIMBERWOOD CIR 218,FORT MYERS,FL,33908
8677,63 BAINBRIDGE LN,PALM COAST,FL,32137
8678,710 SW Tillbo Cove,Port Saint Lucie,FL,34986
8679,74 BOSTON LN,PALM COAST,FL,32137
8680,8901 CROWN COLONY BLVD,FORT MYERS,FL,33908
8681,9512 RIVER OTTER DR,FORT MYERS,FL,33912
8682,1 WATKINS PL,PALM COAST,FL,32164
8683,10 WELLESLEY LN,PALM COAST,FL,32164
8684,11 CAPRI CT,PALM COAST,FL,32137
8685,11945 COUNTRY DAY CIR,FORT MYERS,FL,33913
8686,1444 PARK SHORE CIR 1,FORT MYERS,FL,33901
8687,1539 SW MOCKINGBIRD CIR,Port Saint Lucie,FL,34953
8688,16282 CROWN ARBOR WAY,FORT MYERS,FL,33908
8689,16627 WATERS EDGE CT,FORT MYERS,FL,33908
8690,2 RIVERA LN,PALM COAST,FL,32164
8691,23 WOOD ARBOR LN,PALM COAST,FL,32164
8692,2350 SE MASTER AVE,Port Saint Lucie,FL,34953
8693,26 AVALON DR,PALM COAST,FL,32137
8694,269 YORKSHIRE AVE,FORT MYERS,FL,33908
8695,3 PLACE CONCORDE,PALM COAST,FL,32137
8696,316 NW Bentley CIR,Port Saint Lucie,FL,34986
8697,3354 SW MARTIN ST,Port Saint Lucie,FL,34953
8698,3686 SW PISANO ST,Port Saint Lucie,FL,34953
8699,54 RIVIERA DR,PALM COAST,FL,32164
8700,5572 MALT DR 3,FORT MYERS,FL,33907
8701,559 SW HALIFAX AVE,Port Saint Lucie,FL,34953
8702,6011 JONATHANS BAY CIR 602,FORT MYERS,FL,33908
8703,637 SW POST TERR,Port Saint Lucie,FL,34953
8704,6940 PENZANCE BLVD,FORT MYERS,FL,33966
8705,8847 EAST BAY CIR,FORT MYERS,FL,33908
8706,1023 SE Coral Reef ST,Port Saint Lucie,FL,34953
8707,1026 SW PROVINCETOWN LN,Port Saint Lucie,FL,34953
8708,10311 GLASTONBURY CIR 101,FORT MYERS,FL,33913
8709,11260 LONGWATER CHASE CT,FORT MYERS,FL,33908
8710,119 SE Via Marbella,Port Saint Lucie,FL,34984
8711,1245 BACON AVE A&B,FORT MYERS,FL,33913
8712,13118 FEATHER SOUND DR 216,FORT MYERS,FL,33919
8713,141 SW SEA LION RD,Port Saint Lucie,FL,34953
8714,14530 FARRINGTON WAY 105,FORT MYERS,FL,33912
8715,15230 CANONGATE DR,FORT MYERS,FL,33912
8716,17034 GOLFSIDE CIR 703,FORT MYERS,FL,33908
8717,17320 HIDDEN ESTATES CIR,FORT MYERS,FL,33908
8718,18142 RICCARDO CT,FORT MYERS,FL,33967
8719,19681 SUMMERLIN RD 212,FORT MYERS,FL,33908
8720,20 SEMINOLE AVE,PALM COAST,FL,32137
8721,2244 WINKLER AVE 208,FORT MYERS,FL,33901
8722,2318 SE LONGHORN AVE,Port Saint Lucie,FL,34953
8723,2384 SW Caballero ST,Port Saint Lucie,FL,34953
8724,302 NE SURFSIDE AVE,Port Saint Lucie,FL,34953
8725,3540 EVANS AVE,FORT MYERS,FL,33901
8726,42 LOUISIANA DR,PALM COAST,FL,32137
8727,76 SMITH TRL,PALM COAST,FL,32164
8728,8361 BUENA VISTA RD,FORT MYERS,FL,33967
8729,85 ULLIAN TRL,PALM COAST,FL,32164
8730,9 POST LN,PALM COAST,FL,32164
8731,1068 SW Alcantarra BLVD,Port Saint Lucie,FL,34953
8732,10831 SUNSET PLAZA CIR 2B,FORT MYERS,FL,33908
8733,11516 SUMMERVIEW WAY,FORT MYERS,FL,33913
8734,11791 CARDIFF DR,FORT MYERS,FL,33908
8735,12343 WOODROSE CT 1,FORT MYERS,FL,33907
8736,1276 NW Bentley CIR A,Port Saint Lucie,FL,34986
8737,12899 EPPING WAY,FORT MYERS,FL,33913
8738,144 SE Via Tirso,Port Saint Lucie,FL,34952
8739,14811 REFLECTION KEY CIR 132,FORT MYERS,FL,33907
8740,15051 PUNTA RASSA RD WS02,FORT MYERS,FL,33908
8741,1627 RICARDO AVE,FORT MYERS,FL,33901
8742,1972 SE Camilo ST,Port Saint Lucie,FL,34953
8743,2 HIDDEN LAKES DR,PALM COAST,FL,32137
8744,27 CLEARVIEW CT N,PALM COAST,FL,32137
8745,27 PONTIAC LN,PALM COAST,FL,32164
8746,2745 FIRST ST 502,FORT MYERS,FL,33916
8747,31 WELLWOOD LN,PALM COAST,FL,32164
8748,3280 CYPRESS MARSH DR,FORT MYERS,FL,33905
8749,4481 SW JAUNT RD,Port Saint Lucie,FL,34953
8750,6311 TIDEWATER ISLAND CIR,FORT MYERS,FL,33908
8751,730 DEAN WAY,FORT MYERS,FL,33919
8752,7400 COLLEGE PKWY 57D,FORT MYERS,FL,33907
8753,9718 BLUE STONE CIR,FORT MYERS,FL,33913
8754,1028 SHADDELEE LN E,FORT MYERS,FL,33919
8755,10808 SW Village PKWY,Port Saint Lucie,FL,34987
8756,10948 GLENHURST ST,FORT MYERS,FL,33913
8757,12867 EPPING WAY,FORT MYERS,FL,33913
8758,13911/913 13911/913 FIRST ST,FORT MYERS,FL,33905
8759,1441 SW EDINBURGH DR,Port Saint Lucie,FL,34953
8760,1667 SW California BLVD,Port Saint Lucie,FL,34953
8761,16672 BOBCAT CT,FORT MYERS,FL,33908
8762,17134 TAFFY ST,FORT MYERS,FL,33908
8763,18 FERGUSON CT,PALM COAST,FL,32137
8764,182 ASPEN WAY,PALM COAST,FL,32137
8765,2290 SE HEATHWOOD CIR,Port Saint Lucie,FL,34953
8766,2485 SE TRACY AVE,Port Saint Lucie,FL,34953
8767,30 RIVERINA DR,PALM COAST,FL,32164
8768,3045 MICHIGAN AVE,FORT MYERS,FL,33916
8769,342 NW Byron ST,Port Saint Lucie,FL,34953
8770,4934 NW FOXWORTH AVE,Port Saint Lucie,FL,34953
8771,5398 ASHTON CIR,FORT MYERS,FL,33907
8772,677 SW MILLARD DR,Port Saint Lucie,FL,34953
8773,7078 GRANADA LAKES DR,FORT MYERS,FL,33967
8774,90 BARRINGTON DR,PALM COAST,FL,32137
8775,9361 VIA PIAZZA CT,FORT MYERS,FL,33905
8776,968 NORTH TOWN AND RIVER DR,FORT MYERS,FL,33919
8777,10 WHITTIER LN,PALM COAST,FL,32164
8778,10559 CARENA CIR,FORT MYERS,FL,33913
8779,109 BURROUGHS DR,PALM COAST,FL,32137
8780,11541 VILLA GRAND 809,FORT MYERS,FL,33913
8781,13621 CATBIRD DR,FORT MYERS,FL,33908
8782,1428 CENTRAL AVE,PALM COAST,FL,32164
8783,14401 PATTY BERG DR 206,FORT MYERS,FL,33919
8784,1444 BYRON RD,FORT MYERS,FL,33919
8785,15591 CALOOSA CREEK CIR,FORT MYERS,FL,33908
8786,15676 CARRIEDALE LN 3,FORT MYERS,FL,33912
8787,1761 SE Berkshire BLVD,Port Saint Lucie,FL,34953
8788,19 WHITE BIRCH LN,PALM COAST,FL,32164
8789,1948 SW South Macedo BLVD,Port Saint Lucie,FL,34953
8790,22 BIRCHWOOD PL,PALM COAST,FL,32137
8791,2242 JASPER AVE,FORT MYERS,FL,33907
8792,237 SW Chelsea Terr,Port Saint Lucie,FL,34953
8793,30 SEASCAPE DR,PALM COAST,FL,32137
8794,31 CLEVELAND CT,PALM COAST,FL,32137
8795,372 SE MAJESTIC TERR,Port Saint Lucie,FL,34953
8796,4033 SW Cheribon ST,Port Saint Lucie,FL,34953
8797,4329 SE Brittney CIR,Port Saint Lucie,FL,34952
8798,4411 BAY BEACH LN 733,FORT MYERS BEACH,FL,33931
8799,45 PEBBLE STONE LN,PALM COAST,FL,32164
8800,5451 CAPBERN CT,FORT MYERS,FL,33919
8801,5473 CYPRESS TRAIL RESORT CIR,FORT MYERS,FL,33905
8802,579 NW Cortina LN,Port Saint Lucie,FL,34986
8803,626 SW Bayshore BLVD,Port Saint Lucie,FL,34953
8804,68 PRINCETON LN,PALM COAST,FL,32164
8805,684 SW PUEBLO TERR,Port Saint Lucie,FL,34953
8806,7 AVENUE DE LA MER 1104,PALM COAST,FL,32137
8807,8064 BRETON CIR,FORT MYERS,FL,33912
8808,9141 OLD HICKORY CIR,FORT MYERS,FL,33912
8809,9250 BAYBERRY BND 103,FORT MYERS,FL,33908
8810,9540 SW Flowermound CIR,Port Saint Lucie,FL,34987
8811,10509 SEVILLA DR 202,FORT MYERS,FL,33913
8812,11 BALLENGER LN,PALM COAST,FL,32137
8813,11025 MILL CREEK WAY 603,FORT MYERS,FL,33913
8814,11200 CYPRESS TREE CIR,FORT MYERS,FL,33913
8815,11321-327 11321-327 LINDA LOMA DR,FORT MYERS,FL,33908
8816,114 PUTTER DR,PALM COAST,FL,32164
8817,12509 STONE TOWER LOOP,FORT MYERS,FL,33913
8818,1302 SE La Haven CT,Port Saint Lucie,FL,34953
8819,1381 SW Bougainvillea AVE,Port Saint Lucie,FL,34953
8820,14732 CALUSA PALMS DR 202,FORT MYERS,FL,33919
8821,148 SW ESSEX DR,Port Saint Lucie,FL,34953
8822,16140 PARALLEL DR,FORT MYERS,FL,33913
8823,16271 PINE RIDGE RD,FORT MYERS,FL,33908
8824,2590 FIRST ST 203,FORT MYERS,FL,33901
8825,4 ROSEPETAL LN,PALM COAST,FL,32164
8826,64 UNIVERSAL TRL,PALM COAST,FL,32164
8827,6584 PLANTATION PINES BLVD,FORT MYERS,FL,33966
8828,6777 WINKLER RD 228,FORT MYERS,FL,33919
8829,7039 CONSTITUTION LOOP,FORT MYERS,FL,33967
8830,741 SW SWAN AVE,Port Saint Lucie,FL,34953
8831,8380 LANGSHIRE WAY,FORT MYERS,FL,33912
8832,8418 SUMNER AVE,FORT MYERS,FL,33908
8833,8451 VILLAGE EDGE CIR 5,FORT MYERS,FL,33919
8834,884 ENTRADA DR S,FORT MYERS,FL,33919
8835,1026 SW Dartmouth AVE,Port Saint Lucie,FL,34953
8836,1160 20TH ST, OKEECHOBEE,FL,34974
8837,1257 NAPLES AVE S,FORT MYERS,FL,33913
8838,1289 SW Glastonberry AVE,Port Saint Lucie,FL,34953
8839,13851 LAKE MAHOGANY BLVD 3511,FORT MYERS,FL,33907
8840,1563 BRAMAN AVE,FORT MYERS,FL,33901
8841,1733 SW ERIE ST,Port Saint Lucie,FL,34953
8842,1747 PEBBLE BEACH DR 214,FORT MYERS,FL,33907
8843,2210 SW FRANKLIN ST,Port Saint Lucie,FL,34953
8844,2271 SW Almansa AVE,Port Saint Lucie,FL,34953
8845,242 DELMAR AVE,FORT MYERS BEACH,FL,33931
8846,3 POST OAK LN,PALM COAST,FL,32164
8847,31 REYBURY LN,PALM COAST,FL,32164
8848,362 NW Dearman ST,Port Saint Lucie,FL,34953
8849,37 BARRISTER LN,PALM COAST,FL,32137
8850,3823 CLEARBROOK LN,FORT MYERS,FL,33966
8851,4302 NEW YORK AVE,FORT MYERS,FL,33905
8852,4437 SW Abovo ST,Port Saint Lucie,FL,34953
8853,48 CITY PL,PALM COAST,FL,32164
8854,5100 WHITE SKY CIR,FORT MYERS,FL,33908
8855,5584 WESTWIND LN,FORT MYERS,FL,33919
8856,57 BOSTON LN,PALM COAST,FL,32137
8857,5943 BRIGHTWOOD DR,FORT MYERS,FL,33905
8858,6081 NEAL RD,FORT MYERS,FL,33905
8859,6910 NW Denargo ST,Port Saint Lucie,FL,34953
8860,6920 NW JORGENSEN RD,Port Saint Lucie,FL,34953
8861,767 SW Babbit DR,Port Saint Lucie,FL,34953
8862,8076 QUEEN PALM LN 432,FORT MYERS,FL,33966
8863,85 BREWSTER LN,PALM COAST,FL,32137
8864,8991 SOMERSET BLVD,FORT MYERS,FL,33919
8865,1024 SW Dalton AVE,Port Saint Lucie,FL,34953
8866,1071 BREAM AVE, OKEECHOBEE,FL,34974
8867,11 CEDAR POINT DR,PALM COAST,FL,32164
8868,12612 FAIRWAY COVE CT,FORT MYERS,FL,33905
8869,14 PINWHEEL LN,PALM COAST,FL,32164
8870,15 SEAMANSHIP TRL,PALM COAST,FL,32164
8871,15051 PUNTA RASSA RD 305,FORT MYERS,FL,33908
8872,1517 GARDENIA AVE,FORT MYERS,FL,33916
8873,16451 MILLSTONE CIR 207,FORT MYERS,FL,33908
8874,1648 GRACE AVE,FORT MYERS,FL,33901
8875,17 LARAMIE DR,PALM COAST,FL,32137
8876,17381 STEPPING STONE DR,FORT MYERS,FL,33967
8877,189 NW Hazard WAY,Port Saint Lucie,FL,34986
8878,19 PRINCESS KIM LN,PALM COAST,FL,32164
8879,1938 SW GRANELLO TERR,Port Saint Lucie,FL,34953
8880,21171 NODDY TERN DR,FORT MYERS BEACH,FL,33931
8881,24 LANCASTER LN,PALM COAST,FL,32137
8882,3 MASTERS CT,PALM COAST,FL,32137
8883,3855 SW KASIN ST,Port Saint Lucie,FL,34953
8884,404 JEFFERSON CT,FORT MYERS BEACH,FL,33931
8885,41 WOOD CEDAR DR,PALM COAST,FL,32164
8886,4643 SW JUNIETTA TERR,Port Saint Lucie,FL,34953
8887,48 PICKERING DR,PALM COAST,FL,32164
8888,50 BUNKER VIEW DR,PALM COAST,FL,32137
8889,65 RYAN DR,PALM COAST,FL,32164
8890,6635 WAKEFIELD DR,FORT MYERS,FL,33966
8891,70 RIVERVIEW BND S 724,PALM COAST,FL,32137
8892,711 SE Celtic AVE,Port Saint Lucie,FL,34953
8893,774 SW Andrew RD,Port Saint Lucie,FL,34953
8894,7791 BUCKINGHAM RD,FORT MYERS,FL,33905
8895,8529 SEDONIA CIR,FORT MYERS,FL,33967
8896,922 SW Cairo AVE,Port Saint Lucie,FL,34953
8897,104 SURFVIEW DR 2301,PALM COAST,FL,32137
8898,1202 LA FAUNCE WAY,FORT MYERS,FL,33919
8899,1209 SW HERALD RD,Port Saint Lucie,FL,34953
8900,1233 SW GATLIN BLVD,Port Saint Lucie,FL,34953
8901,1505 JEFFERSON AVE,FORT MYERS,FL,33901
8902,1537 SE ROYAL GREEN CIR 107,Port Saint Lucie,FL,34953
8903,16431 MILLSTONE CIR 101,FORT MYERS,FL,33908
8904,166 WEST HAMPTON DR,FORT MYERS,FL,33908
8905,168 BEECHWOOD LN,PALM COAST,FL,32137
8906,17265 MALAGA RD,FORT MYERS,FL,33967
8907,195 BAHIA VIA,FORT MYERS BEACH,FL,33931
8908,2 OAKMONT CT,PALM COAST,FL,32137
8909,2210 ANDREA LN,FORT MYERS,FL,33912
8910,278 YACHT HARBOR DR,PALM COAST,FL,32137
8911,4786 HARBOUR CAY BLVD,FORT MYERS,FL,33919
8912,48 ZEBULAHS TRL,PALM COAST,FL,32164
8913,5601 DIVISION DR,FORT MYERS,FL,33905
8914,6142 WHISKEY CREEK DR 603,FORT MYERS,FL,33919
8915,6829 PORTO FINO CIR D13,FORT MYERS,FL,33912
8916,782 SW MCCULLOUGH AVE,Port Saint Lucie,FL,34953
8917,85 FORTUNE LN,PALM COAST,FL,32137
8918,91 EMERALD LAKE DR,PALM COAST,FL,32137
8919,1221 SW Alcantarra BLVD,Port Saint Lucie,FL,34953
8920,14385 MINDELLO DR,FORT MYERS,FL,33905
8921,17730 EGLANTINE LN,FORT MYERS BEACH,FL,33931
8922,1781 PEBBLE BEACH DR 109,FORT MYERS,FL,33907
8923,1786 WOODLAWN AVE,FORT MYERS,FL,33901
8924,18004 SAN CARLOS BLVD 12,FORT MYERS BEACH,FL,33931
8925,19643 TESORO WAY,FORT MYERS,FL,33967
8926,19760 OSPREY COVE BLVD 134,FORT MYERS,FL,33967
8927,2217 SE STONEHAVEN RD,Port Saint Lucie,FL,34952
8928,2518 ESTERO BLVD,FORT MYERS BEACH,FL,33931
8929,2664 SW Ann Arbor RD,Port Saint Lucie,FL,34953
8930,3 BURLAND PL,PALM COAST,FL,32137
8931,32 PINETREE DR,PALM COAST,FL,32164
8932,3551 SW MARGELA ST,Port Saint Lucie,FL,34953
8933,36 BARRINGTON DR,PALM COAST,FL,32137
8934,37 CHRISTOPHER CT,PALM COAST,FL,32137
8935,5100 ESTERO BLVD 5A5,FORT MYERS BEACH,FL,33931
8936,5215 GREENBRIAR DR,FORT MYERS,FL,33919
8937,600 CINNAMON BEACH WAY 534,PALM COAST,FL,32137
8938,6777 WINKLER RD 154,FORT MYERS,FL,33919
8939,6779 NW OMEGA RD,Port Saint Lucie,FL,34953
8940,7078 W BRANDYWINE CIR,FORT MYERS,FL,33919
8941,9635 EATON GARDENS LN 207,FORT MYERS,FL,33919
8942,1198 SE SABINA LN,Port Saint Lucie,FL,34953
8943,12451 GATEWAY BLVD,FORT MYERS,FL,33913
8944,14380 RIVA DEL LAGO DR 505,FORT MYERS,FL,33907
8945,14985 RIVERS EDGE CT 233,FORT MYERS,FL,33908
8946,17062 MARINA COVE LN,FORT MYERS,FL,33908
8947,17174 DRAGONFLY LN,FORT MYERS,FL,33967
8948,17820 LITTLE TORCH KY,FORT MYERS,FL,33908
8949,179 BELLEAIRE DR,PALM COAST,FL,32137
8950,1902 SW MACKENZIE ST,Port Saint Lucie,FL,34953
8951,19831 ALLAIRE LN,FORT MYERS,FL,33908
8952,2018 SE FRANCISCAN ST,Port Saint Lucie,FL,34953
8953,209 2ND ST,FORT MYERS,FL,33907
8954,2217 SW GRAY BEAL AVE,Port Saint Lucie,FL,34953
8955,2425 SW Avondale ST,Port Saint Lucie,FL,34953
8956,26 UNIONTIN CT,PALM COAST,FL,32164
8957,2802 MEADOW AVE,FORT MYERS,FL,33901
8958,3006 CABBAGE DR, OKEECHOBEE,FL,34974
8959,3963 MANASSAS CT,FORT MYERS,FL,33905
8960,4240 STEAMBOAT BEND 204,FORT MYERS,FL,33919
8961,53 MOUNT VERNON LN,PALM COAST,FL,32164
8962,7 PALMYRA LN,PALM COAST,FL,32164
8963,7046/7048 7046/7048 CONSTITUTION LOOP,FORT MYERS,FL,33967
8964,7150 ESTERO BLVD 302,FORT MYERS BEACH,FL,33931
8965,73 WYNNFIELD DR,PALM COAST,FL,32164
8966,10 18TH RD,PALM COAST,FL,32137
8967,10316 PORTO ROMANO DR,FORT MYERS,FL,33913
8968,11700 PASETTO LN 409,FORT MYERS,FL,33908
8969,13 LAKESIDE PL E,PALM COAST,FL,32137
8970,13 OCEAN RIDGE BLVD N,PALM COAST,FL,32137
8971,13 BLYTH CT,PALM COAST,FL,32137
8972,13135 BROADHURST LOOP 602,FORT MYERS,FL,33919
8973,13273 WHITE MARSH LN 315,FORT MYERS,FL,33912
8974,1418 SW MEDINA AVE,Port Saint Lucie,FL,34953
8975,14520 DORY LN,FORT MYERS,FL,33908
8976,15580 GLENDALE LN,FORT MYERS,FL,33912
8977,17 ROUND TABLE LN,PALM COAST,FL,32164
8978,18589 SEBRING RD,FORT MYERS,FL,33967
8979,2232 SE MIDTOWN RD,Port Saint Lucie,FL,34953
8980,2320 SE MARSEILLE ST,Port Saint Lucie,FL,34953
8981,2360 SE West Blackwell DR,Port Saint Lucie,FL,34953
8982,4351 BAY BEACH LN 432,FORT MYERS BEACH,FL,33931
8983,54 PROVIDENCE LN,PALM COAST,FL,32164
8984,55 FOSTER LN,PALM COAST,FL,32137
8985,573 SW NAGLE PL,Port Saint Lucie,FL,34953
8986,6123 HUTTON CT,FORT MYERS,FL,33905
8987,651 SE STARFLOWER AVE,Port Saint Lucie,FL,34953
8988,697 NW Archer AVE,Port Saint Lucie,FL,34953
8989,8056 QUEEN PALM LN 634,FORT MYERS,FL,33966
8990,1 FRANCIS LN,PALM COAST,FL,32137
8991,10 LLOSEE CT,PALM COAST,FL,32164
8992,10 BARRISTER LN,PALM COAST,FL,32137
8993,10 RUE GRANDE MER,PALM COAST,FL,32137
8994,14230 REFLECTION LAKES DR,FORT MYERS,FL,33907
8995,15020 BRIDGEWAY LN 408,FORT MYERS,FL,33919
8996,16350 KELLY COVE DR 296,FORT MYERS,FL,33908
8997,1729 SE DOMINIC AVE,Port Saint Lucie,FL,34953
8998,18431 FUCHSIA RD,FORT MYERS,FL,33967
8999,1882 SW WHIPPLE AVE,Port Saint Lucie,FL,34953
9000,19012 SW Positano WAY,Port Saint Lucie,FL,34986
9001,19701 MARINO LAKE CIR 1204,FORT MYERS,FL,33913
9002,2500 SE Anchorage Cove G-1,Port Saint Lucie,FL,34953
9003,2742 SW SLADE PL,Port Saint Lucie,FL,34953
9004,323 SW FILM AVE,Port Saint Lucie,FL,34953
9005,4 ETHAN PL,PALM COAST,FL,32164
9006,4121 RESIDENCE DR 317,FORT MYERS,FL,33901
9007,4197 SW MUNICE ST,Port Saint Lucie,FL,34953
9008,532 SW KABOT AVE,Port Saint Lucie,FL,34953
9009,7 DEERWOOD ST,PALM COAST,FL,32137
9010,7300 ESTERO BLVD 502,FORT MYERS BEACH,FL,33931
9011,77 WHEATFIELD DR,PALM COAST,FL,32164
9012,9013 WEST RIDGE CT,FORT MYERS,FL,33912
9013,912 CYPRESS LAKE CIR,FORT MYERS,FL,33919
9014,920 SE Atlantus AVE,Port Saint Lucie,FL,34953
9015,11 KINGS COLONY CT N,PALM COAST,FL,32137
9016,11951 HONEYSUCKLE RD,FORT MYERS,FL,33966
9017,14659 CALUSA PALMS DR,FORT MYERS,FL,33919
9018,1626 SE Clearmont ST,Port Saint Lucie,FL,34953
9019,17281 TRAPPERS DR,FORT MYERS,FL,33967
9020,18381 COLUMBINE RD,FORT MYERS,FL,33967
9021,1856 SE VAN KLEFF AVE,Port Saint Lucie,FL,34953
9022,2357 SE SEAMIST ST,Port Saint Lucie,FL,34953
9023,2526 SW Abate ST,Port Saint Lucie,FL,34953
9024,2599 SE GRAND DR,Port Saint Lucie,FL,34953
9025,3442 SW VENDOME ST,Port Saint Lucie,FL,34953
9026,36 ROUND TREE DR,PALM COAST,FL,32164
9027,38 MOODY DR,PALM COAST,FL,32137
9028,4581 BAY BEACH LN 482,FORT MYERS BEACH,FL,33931
9029,4851 GRIFFIN BLVD,FORT MYERS,FL,33908
9030,50 SCARLET OAK CIR,PALM COAST,FL,32137
9031,5190 STATE HWY 100 E,PALM COAST,FL,32164
9032,5363 NW East Paden CIR,Port Saint Lucie,FL,34986
9033,5570 TRAILWINDS DR 524,FORT MYERS,FL,33907
9034,5671 CARTER RD,FORT MYERS,FL,33905
9035,6211 NW Diana CT,Port Saint Lucie,FL,34953
9036,726 SE LANSDOWNE AVE,Port Saint Lucie,FL,34953
9037,9795 CALOOSA YACHT & RACQUET CLUB DR,FORT MYERS,FL,33919
9038,102 YACHT HARBOR DR,PALM COAST,FL,32137
9039,1136 CYPRESS ST, OKEECHOBEE,FL,34974
9040,11768 PASEO GRANDE BLVD 4902,FORT MYERS,FL,33912
9041,12711 KENTWOOD AVE,FORT MYERS,FL,33913
9042,1362 SW SUDDER AVE,Port Saint Lucie,FL,34953
9043,14139 GROSSE POINTE LN,FORT MYERS,FL,33919
9044,15 WELLSTREAM LN,PALM COAST,FL,32164
9045,16251 EDGEMONT DR,FORT MYERS,FL,33908
9046,17 CLOVERDALE CT S,PALM COAST,FL,32137
9047,1860 VELASCO ST,FORT MYERS,FL,33916
9048,2532 ESTERO BLVD 207,FORT MYERS BEACH,FL,33931
9049,2552 SE MARIPOSA AVE,Port Saint Lucie,FL,34953
9050,3086 SW SEGOVIA ST,Port Saint Lucie,FL,34953
9051,3277 ROYAL CANADIAN TRCE 2,FORT MYERS,FL,33907
9052,34 PITT LN,PALM COAST,FL,32164
9053,384 NW Shoreview DR,Port Saint Lucie,FL,34986
9054,42 RIVERA LN,PALM COAST,FL,32164
9055,4474 SW GAINSBORO ST,Port Saint Lucie,FL,34953
9056,526 SW HALKELL AVE,Port Saint Lucie,FL,34953
9057,55 ERIC DR,PALM COAST,FL,32164
9058,5565 WILLIAMSON WAY,FORT MYERS,FL,33919
9059,62 POSTWOOD DR,PALM COAST,FL,32164
9060,6361 METRO PLANTATION RD,FORT MYERS,FL,33966
9061,71 FRANKFORD LN,PALM COAST,FL,32137
9062,7431 COLLEGE PKWY,FORT MYERS,FL,33907
9063,791 SE Albatross AVE,Port Saint Lucie,FL,34953
9064,816 SW MARSH HARBOR BAY,Port Saint Lucie,FL,34953
9065,902 NW SARRIA CT,Port Saint Lucie,FL,34986
9066,962 SW Du Bois AVE,Port Saint Lucie,FL,34953
9067,1 SAN MARCO CT,PALM COAST,FL,32137
9068,1 BRACKEN LN,PALM COAST,FL,32137
9069,10325 SW Waterway LN,Port Saint Lucie,FL,34987
9070,10960 CLARENDON ST,FORT MYERS,FL,33913
9071,11 SLIPPER FLOWER PATH E,PALM COAST,FL,32164
9072,12 PONCE DELEON DR,PALM COAST,FL,32164
9073,12048 FIVE WATERS CIR,FORT MYERS,FL,33913
9074,12191 KELLY SANDS WAY 1525,FORT MYERS,FL,33908
9075,12326 THIRD ST,FORT MYERS,FL,33905
9076,1242 SW PORTER RD,Port Saint Lucie,FL,34953
9077,1276 THIRD ST,FORT MYERS,FL,33905
9078,1321 SANTOS RD,FORT MYERS BEACH,FL,33931
9079,1343 SANDTRAP DR,FORT MYERS,FL,33919
9080,14 MARBELLA CT,PALM COAST,FL,32137
9081,14336 HARBOUR LANDINGS DR 16A,FORT MYERS,FL,33908
9082,14571 LEGENDS BLVD N 405,FORT MYERS,FL,33912
9083,15 BLAINE TREE PL,PALM COAST,FL,32137
9084,15391 ALLEN WAY,FORT MYERS,FL,33908
9085,16146 MOUNT ABBEY WAY 102,FORT MYERS,FL,33908
9086,1642 SE OCEAN LN,Port Saint Lucie,FL,34953
9087,1838 SW NOTRE DAME AVE,Port Saint Lucie,FL,34953
9088,1900 VIRGINIA AVE 602,FORT MYERS,FL,33901
9089,1901 SE Avanti CIR,Port Saint Lucie,FL,34953
9090,3551 SW SAVONA BLVD,Port Saint Lucie,FL,34953
9091,3718 KELSEY ST,FORT MYERS,FL,33905
9092,467 MADISON CT,FORT MYERS BEACH,FL,33931
9093,4690 SW Cacao ST,Port Saint Lucie,FL,34953
9094,59 LUTHER DR,PALM COAST,FL,32137
9095,6195 BRIARWOOD TER,FORT MYERS,FL,33912
9096,7400 ESTERO BLVD 415,FORT MYERS BEACH,FL,33931
9097,8407 BERNWOOD COVE LOOP 507,FORT MYERS,FL,33966
9098,85 PROVIDENCE LN,PALM COAST,FL,32164
9099,11875 BAYPORT LN 1404,FORT MYERS,FL,33908
9100,132 SW ELDERBERRY DR,Port Saint Lucie,FL,34953
9101,13252 WHITE MARSH LN 3235,FORT MYERS,FL,33912
9102,1347 SW MAPLEWOOD DR,Port Saint Lucie,FL,34953
9103,14006 HICKORY MARSH LN,FORT MYERS,FL,33912
9104,14051 BRANT POINT CIR 8106,FORT MYERS,FL,33919
9105,1450 SW Devera AVE,Port Saint Lucie,FL,34953
9106,14656 SUMMER ROSE WAY,FORT MYERS,FL,33919
9107,166 FRONTIER DR,PALM COAST,FL,32137
9108,17573 BRICKSTONE LOOP,FORT MYERS,FL,33967
9109,1943 PINE DR S,FORT MYERS,FL,33907
9110,195 YAGER CIR,FORT MYERS,FL,33913
9111,19681 SUMMERLIN RD 425,FORT MYERS,FL,33908
9112,218 SE WALTERS TERR,Port Saint Lucie,FL,34953
9113,2278 SW IMPORT DR,Port Saint Lucie,FL,34953
9114,2342 SW VARDON ST,Port Saint Lucie,FL,34953
9115,271 SW LANGFIELD AVE,Port Saint Lucie,FL,34984
9116,28 LOUISIANA DR,PALM COAST,FL,32137
9117,3 CASPER DR,PALM COAST,FL,32137
9118,3241 SW Crumpacker ST,Port Saint Lucie,FL,34953
9119,363 SW PANTHER TRACE,Port Saint Lucie,FL,34953
9120,4682 SW SAVONA BLVD,Port Saint Lucie,FL,34953
9121,5264-5294 5264-5294 SUMMERLIN COMMONS WAY,FORT MYERS,FL,33907
9122,5405 PEPPERTREE DR 3,FORT MYERS,FL,33908
9123,5441 WHISPERING WILLOW WAY,FORT MYERS,FL,33908
9124,57 COMANCHE CT,PALM COAST,FL,32137
9125,674 SW EMPIRE ST,Port Saint Lucie,FL,34953
9126,7 ANDOVER DR,PALM COAST,FL,32137
9127,757 SW Byron ST,Port Saint Lucie,FL,34953
9128,8184 EGRET RD,FORT MYERS,FL,33967
9129,9371 WINDLAKE DR,FORT MYERS,FL,33967
9130,100 LOVERS LN 205,FORT MYERS BEACH,FL,33931
9131,10510 SEVILLA DR 101,FORT MYERS,FL,33913
9132,10536 DIAMANTE WAY,FORT MYERS,FL,33913
9133,10919 CHERRY LAUREL DR,FORT MYERS,FL,33912
9134,11 LEWIS DR,PALM COAST,FL,32137
9135,11400 FALLOW DEER CT,FORT MYERS,FL,33966
9136,12497 PEBBLE STONE CT,FORT MYERS,FL,33913
9137,12519 S CLEVELAND AVE,FORT MYERS,FL,33907
9138,12710 EQUESTRIAN CIR 2606,FORT MYERS,FL,33907
9139,13872 VILLAGE CREEK DR,FORT MYERS,FL,33908
9140,14531 DAFFODIL DR 1604,FORT MYERS,FL,33919
9141,1677 SE GREEN ACRES CIR LL204,Port Saint Lucie,FL,34953
9142,1789 SE NORTH BUTTONWOOD DR,Port Saint Lucie,FL,34953
9143,1874 SE MANTUA ST,Port Saint Lucie,FL,34953
9144,2286 SW FRANKLIN ST,Port Saint Lucie,FL,34953
9145,2423 SW GARCIA AVE,Port Saint Lucie,FL,34953
9146,2563 EDISON AVE,FORT MYERS,FL,33901
9147,2901 SE Bella RD,Port Saint Lucie,FL,34953
9148,32 ROYAL PALM LN,PALM COAST,FL,32164
9149,3760 RIVER POINT DR,FORT MYERS,FL,33905
9150,3842 IRONBRIDGE BLVD,FORT MYERS,FL,33916
9151,4 COTTON CT,PALM COAST,FL,32137
9152,401 SW RUFFNER CT,Port Saint Lucie,FL,34953
9153,4454 SW IDLEWILD ST,Port Saint Lucie,FL,34953
9154,5485 NW Pine Trail CIR,Port Saint Lucie,FL,34983
9155,5543 NW Burgin ST,Port Saint Lucie,FL,34953
9156,6170 NW East Deville CIR,Port Saint Lucie,FL,34953
9157,6178 NW TOPAZ WAY,Port Saint Lucie,FL,34953
9158,732 SE MAJESTIC TERR,Port Saint Lucie,FL,34953
9159,8 BEAVERDAM LN,PALM COAST,FL,32137
9160,8 LEWISDALE LN,PALM COAST,FL,32137
9161,1081 SE Albatross AVE,Port Saint Lucie,FL,34953
9162,1101 SE SIR LANCELOT DR A,Port Saint Lucie,FL,34953
9163,1137 10TH ST, OKEECHOBEE,FL,34974
9164,11749 SW Apple Blossom TRL,Port Saint Lucie,FL,34987
9165,1196 LISA LN, OKEECHOBEE,FL,34974
9166,1238 SW Byron ST,Port Saint Lucie,FL,34953
9167,12500 BARRINGTON CT,FORT MYERS,FL,33908
9168,12510 MARINA CLUB DR,FORT MYERS,FL,33919
9169,12656 FOURTH ST,FORT MYERS,FL,33905
9170,13421 PARKER COMMONS BLVD 104,FORT MYERS,FL,33912
9171,15 ZITHER CT,PALM COAST,FL,32164
9172,1570 SE SINBAD AVE,Port Saint Lucie,FL,34953
9173,17321 KENTARA WAY,FORT MYERS,FL,33913
9174,17749 PORT BOCA CT,FORT MYERS,FL,33908
9175,1780 VERONICA S SHOEMAKER BLVD,FORT MYERS,FL,33916
9176,1790 SW HAMPSHIRE LN,Port Saint Lucie,FL,34953
9177,2 FLAXTON LN,PALM COAST,FL,32137
9178,2299 SE Braddock ST,Port Saint Lucie,FL,34953
9179,23 EMILY LN,FORT MYERS BEACH,FL,33931
9180,2902 SW Cedar Dunes DR,Port Saint Lucie,FL,34953
9181,3557 SW VICEROY ST,Port Saint Lucie,FL,34953
9182,37 POWDER HILL LN,PALM COAST,FL,32164
9183,4041 SW MCCRORY ST,Port Saint Lucie,FL,34953
9184,4529 DALMAHOY CT 105,FORT MYERS,FL,33916
9185,5745 NW Cotton DR,Port Saint Lucie,FL,34953
9186,62 WESTBROOK LN,PALM COAST,FL,32164
9187,63 BAYSIDE DR,PALM COAST,FL,32137
9188,912 ZANA DR,FORT MYERS,FL,33905
9189,11040 LAKELAND CIR,FORT MYERS,FL,33913
9190,1277 SW MOT CT,Port Saint Lucie,FL,34953
9191,13 FRANCIS LN,PALM COAST,FL,32137
9192,13281 WHITEHAVEN LN 403,FORT MYERS,FL,33966
9193,1576 SW Abingdon AVE,Port Saint Lucie,FL,34953
9194,15769 S PEBBLE LN,FORT MYERS,FL,33912
9195,163 MADONNA DR,FORT MYERS,FL,33905
9196,17501 PRIMROSE CT,FORT MYERS BEACH,FL,33931
9197,17603 CAPTIVA ISLAND LN,FORT MYERS,FL,33908
9198,19144 DOGWOOD RD,FORT MYERS,FL,33967
9199,2104 W FIRST ST 402,FORT MYERS,FL,33901
9200,25 COOLIDGE CT,PALM COAST,FL,32137
9201,2800 ESTERO BLVD 404,FORT MYERS BEACH,FL,33931
9202,2828 JACKSON ST F1,FORT MYERS,FL,33901
9203,30 CHEYENNE CT,PALM COAST,FL,32137
9204,3000 OASIS GRAND BLVD 1106,FORT MYERS,FL,33916
9205,3118 SW MARTIN ST,Port Saint Lucie,FL,34953
9206,32 BURNING VIEW LN,PALM COAST,FL,32137
9207,36 ROLLAND LN,PALM COAST,FL,32164
9208,4979/4981 4979/4981 TILLMANS DR,FORT MYERS,FL,33905
9209,499 SW LACONIC AVE,Port Saint Lucie,FL,34953
9210,6258 COUGAR RUN 102,FORT MYERS,FL,33908
9211,8072 CYPRESS DR S,FORT MYERS,FL,33967
9212,81 FORSYTHE LN,PALM COAST,FL,32137
9213,861 ALDERMAN ST,FORT MYERS,FL,33916
9214,105 3RD ST,FORT MYERS,FL,33907
9215,11211 WINE PALM RD,FORT MYERS,FL,33966
9216,1189 CABBAGE LN, OKEECHOBEE,FL,34974
9217,1670 MERRIMACK CT,FORT MYERS,FL,33907
9218,1792 SW LEAFY RD,Port Saint Lucie,FL,34953
9219,18656 SARASOTA RD,FORT MYERS,FL,33967
9220,1889 SW OAKWOOD RD,Port Saint Lucie,FL,34953
9221,213 SE Bella Strano,Port Saint Lucie,FL,34984
9222,304 BEACHWAY DR,PALM COAST,FL,32137
9223,3073 SE Bur ST,Port Saint Lucie,FL,34952
9224,3090 MEANDERING WAY 101,FORT MYERS,FL,33905
9225,34 FAIRVIEW LN,PALM COAST,FL,32137
9226,5335 NW NASSAU LN,Port Saint Lucie,FL,34953
9227,5691 NW North Macedo BLVD,Port Saint Lucie,FL,34953
9228,6736 ABBOTT ST,FORT MYERS,FL,33966
9229,9 CLEMENTON LN,PALM COAST,FL,32137
9230,9451 SARDINIA WAY 106,FORT MYERS,FL,33908
9231,9806 BORASO WAY 103,FORT MYERS,FL,33908
9232,10021 SKY VIEW WAY 1307,FORT MYERS,FL,33913
9233,10057 PACIFIC PINES AVE,FORT MYERS,FL,33966
9234,1221 SW Crost AVE,Port Saint Lucie,FL,34953
9235,1264 GENOA AVE S,FORT MYERS,FL,33913
9236,13264 OAK HILL LOOP,FORT MYERS,FL,33912
9237,13427 BRISTOL PARK WAY,FORT MYERS,FL,33913
9238,14211 CHANCELLOR ST,FORT MYERS,FL,33905
9239,15851 PORTOFINO SPRINGS BLVD 102,FORT MYERS,FL,33908
9240,15979 MANDOLIN BAY DR 201,FORT MYERS,FL,33908
9241,19 EDGELY LN,PALM COAST,FL,32164
9242,19097 VINTAGE TRACE CIR,FORT MYERS,FL,33967
9243,19681 SUMMERLIN RD 538,FORT MYERS,FL,33908
9244,20071 SANIBEL VIEW CIR 303,FORT MYERS,FL,33908
9245,2056 SW KIMBERLY AVE,Port Saint Lucie,FL,34953
9246,2465 SW HINCHMAN ST,Port Saint Lucie,FL,34953
9247,3152 RIVER GROVE CIR,FORT MYERS,FL,33905
9248,3402 SE E SNOW RD,Port Saint Lucie,FL,34953
9249,3561 LAKEVIEW ISLE CT,FORT MYERS,FL,33905
9250,40 WELLWATER DR,PALM COAST,FL,32164
9251,4560 ESTERO BLVD 504,FORT MYERS BEACH,FL,33931
9252,46 WESTMINSTER DR,PALM COAST,FL,32164
9253,4963 GARY DR,FORT MYERS,FL,33905
9254,5246 RED CEDAR DR,FORT MYERS,FL,33907
9255,5428/5430 5428/5430 SAGO AVE,FORT MYERS,FL,33907
9256,5720 NW Pine Trail CIR,Port Saint Lucie,FL,34983
9257,5824 NW GERALD CIR,Port Saint Lucie,FL,34953
9258,755 SE FORGAL ST,Port Saint Lucie,FL,34953
9259,8039 BANYAN BREEZE WAY,FORT MYERS,FL,33908
9260,8417 BRITTANIA DR,FORT MYERS,FL,33912
9261,10001 SALINA ST,FORT MYERS,FL,33905
9262,11033 HARBOUR YACHT CT 3,FORT MYERS,FL,33908
9263,12691 FAIRINGTON WAY,FORT MYERS,FL,33913
9264,137 NW Broadview ST,Port Saint Lucie,FL,34953
9265,140 CONNECTICUT AVE,FORT MYERS,FL,33905
9266,15770 ALICO RD,FORT MYERS,FL,33913
9267,1786 SE ELKHART TERR,Port Saint Lucie,FL,34953
9268,1802 SW RENFRO ST,Port Saint Lucie,FL,34953
9269,19 PORTIA LN,PALM COAST,FL,32164
9270,20 PELICAN CT,PALM COAST,FL,32137
9271,2037 CLIFFORD ST,FORT MYERS,FL,33901
9272,2179 SE TRILLO ST,Port Saint Lucie,FL,34953
9273,2575 ROCKFILL RD,FORT MYERS,FL,33916
9274,27 RICHARDSON DR,PALM COAST,FL,32164
9275,286 NE SAGAMORE TERR,Port Saint Lucie,FL,34953
9276,3225 E RIVERSIDE DR 26,FORT MYERS,FL,33916
9277,3712 WASHINGTON AVE,FORT MYERS,FL,33916
9278,4222 SCOTT AVE,FORT MYERS,FL,33905
9279,4239 LIRON AVE 103,FORT MYERS,FL,33916
9280,4841 ESTERO BLVD,FORT MYERS BEACH,FL,33931
9281,4952 NW EVER RD,Port Saint Lucie,FL,34953
9282,5 RAINMILL PL,PALM COAST,FL,32164
9283,504 NW Serene Meadow WAY,Port Saint Lucie,FL,34986
9284,5244/5246 5244/5246 CLAYTON CT,FORT MYERS,FL,33907
9285,535 CAROLINA AVE,FORT MYERS,FL,33905
9286,5632/5634 5632/5634 FIFTH AVE,FORT MYERS,FL,33907
9287,6 LLOWICK CT,PALM COAST,FL,32164
9288,625 SW Gailbreath AVE,Port Saint Lucie,FL,34953
9289,701 SW HAMBERLAND AVE,Port Saint Lucie,FL,34953
9290,73 PRICE LN,PALM COAST,FL,32164
9291,80 WOODSIDE DR,PALM COAST,FL,32164
9292,8966 FALCON POINTE LOOP,FORT MYERS,FL,33912
9293,938 SE WEST VIRGINIA DR,Port Saint Lucie,FL,34953
9294,11274 SW Vanderbilt CIR,Port Saint Lucie,FL,34987
9295,12 SEA SERPENT TRL E,PALM COAST,FL,32164
9296,12 POINFIELD PL,PALM COAST,FL,32164
9297,1200 WALDEN DR,FORT MYERS,FL,33901
9298,12561 KELLY SANDS WAY 13,FORT MYERS,FL,33908
9299,12638 CHRASFIELD CHASE,FORT MYERS,FL,33913
9300,12645 SHANNONDALE DR,FORT MYERS,FL,33913
9301,13428 ONION CREEK CT,FORT MYERS,FL,33912
9302,15 HARGROVE LN 2I,PALM COAST,FL,32137
9303,1572 SW LATSHAW AVE,Port Saint Lucie,FL,34953
9304,16150 VIA SOLERA CIR 105,FORT MYERS,FL,33908
9305,1755 SE MANTH LN,Port Saint Lucie,FL,34953
9306,2392 SW FERN CIR,Port Saint Lucie,FL,34953
9307,2465 SW LAMB AVE,Port Saint Lucie,FL,34953
9308,29 ROYAL OAK DR,PALM COAST,FL,32164
9309,2902 BROADWAY,FORT MYERS,FL,33901
9310,3121 SE Card Terr,Port Saint Lucie,FL,34953
9311,32 BUTTERMILL DR,PALM COAST,FL,32137
9312,3728 TRACY ST,FORT MYERS,FL,33905
9313,41 LEE DR,PALM COAST,FL,32137
9314,5 CHILHAM CT,PALM COAST,FL,32137
9315,5 ZACHARY PL,PALM COAST,FL,32164
9316,699 SE VOLTAIR TERR,Port Saint Lucie,FL,34953
9317,70 WOOD CEDAR DR,PALM COAST,FL,32164
9318,797 SE LIGHTHOUSE AVE,Port Saint Lucie,FL,34953
9319,8068 BANYAN BREEZE WAY,FORT MYERS,FL,33908
9320,817 NW SORRENTO LN,Port Saint Lucie,FL,34986
9321,1026 SW PAYNE AVE,Port Saint Lucie,FL,34953
9322,10609 SW Stratton DR,Port Saint Lucie,FL,34987
9323,1165 SW SWAN LAKE CIR,Port Saint Lucie,FL,34953
9324,11852 QUAIL RUN DR,FORT MYERS,FL,33908
9325,11969 FIVE WATERS CIR,FORT MYERS,FL,33913
9326,1290 SW Briarwood DR,Port Saint Lucie,FL,34953
9327,1342 COLONIAL BLVD D29,FORT MYERS,FL,33907
9328,13730 RIVER FOREST DR,FORT MYERS,FL,33905
9329,159 S RIVERWALK DR,PALM COAST,FL,32137
9330,1624 SW OCEAN COVE AVE,Port Saint Lucie,FL,34953
9331,16450 MILLSTONE CIR 201,FORT MYERS,FL,33908
9332,1652 SUNSET PL,FORT MYERS,FL,33901
9333,1671 SW SOUTHWORTH TERR,Port Saint Lucie,FL,34953
9334,180 SE Via Terra Bella,Port Saint Lucie,FL,34953
9335,20 VIA ROMA,PALM COAST,FL,32137
9336,20 BICKWICK LN,PALM COAST,FL,32137
9337,22 ATLANTIC PL,PALM COAST,FL,32137
9338,2262 SW Cree RD,Port Saint Lucie,FL,34953
9339,24 PEBBLE WOOD LN,PALM COAST,FL,32164
9340,3141 COTTONWOOD BND 1404,FORT MYERS,FL,33905
9341,423 CLAMSHELL LN,FORT MYERS BEACH,FL,33931
9342,4263 BAY BEACH LN 615,FORT MYERS BEACH,FL,33931
9343,4391 NW Brownell TER,Port Saint Lucie,FL,34953
9344,440 NE Canoe Park CIR,Port Saint Lucie,FL,34983
9345,4810 PALMA DE NOVA LN,FORT MYERS,FL,33905
9346,501 NW Business Center DR,Port Saint Lucie,FL,34953
9347,51 VILLAGE CIR,PALM COAST,FL,32164
9348,5815 NW Burri CT,Port Saint Lucie,FL,34953
9349,6142 NW Densaw Terr,Port Saint Lucie,FL,34953
9350,67 WHEATFIELD DR,PALM COAST,FL,32164
9351,740 ESTERO BLVD A7,FORT MYERS BEACH,FL,33931
9352,79 BROWNSTONE LN,PALM COAST,FL,32137
9353,8301 TAHITI RD,FORT MYERS,FL,33967
9354,84 BRIDGEHAVEN DR,PALM COAST,FL,32137
9355,8550 KINGBIRD LOOP 617,FORT MYERS,FL,33967
9356,9160 SOUTHMONT CV 106,FORT MYERS,FL,33908
9357,9451 SARDINIA WAY 107,FORT MYERS,FL,33908
9358,9640 WINDSOR GARDENS LN 205,FORT MYERS,FL,33919
9359,9750 LAS CASAS DR,FORT MYERS,FL,33919
9360,98 POINT PLEASANT DR,PALM COAST,FL,32164
9361,130 WESTLEE LN,PALM COAST,FL,32164
9362,13142 REGENT CIR,FORT MYERS,FL,33966
9363,13640 DOWITCHER DR,FORT MYERS,FL,33908
9364,13770 JULIAS WAY 1126,FORT MYERS,FL,33919
9365,15655 OCEAN WALK CIR 307,FORT MYERS,FL,33908
9366,1720/1722 1720/1722 MAPLE DR,FORT MYERS,FL,33907
9367,19 FENWICK LN,PALM COAST,FL,32137
9368,220 SW Whitewood DR,Port Saint Lucie,FL,34953
9369,245 NW Liseron WAY,Port Saint Lucie,FL,34986
9370,28 CASPER DR,PALM COAST,FL,32137
9371,2962 SW LUCERNE ST,Port Saint Lucie,FL,34953
9372,3337 SE E SNOW RD,Port Saint Lucie,FL,34953
9373,46 WOODFIELD DR,PALM COAST,FL,32164
9374,522 SW Badger TER,Port Saint Lucie,FL,34953
9375,5812 NW Breezy Brook CT,Port Saint Lucie,FL,34953
9376,59 SELMA TRL,PALM COAST,FL,32164
9377,6160 TIDEWATER ISLAND CIR,FORT MYERS,FL,33908
9378,63 WESTROBIN LN,PALM COAST,FL,32164
9379,6323 COCOS DR,FORT MYERS,FL,33908
9380,6620 ESTERO BLVD 404,FORT MYERS BEACH,FL,33931
9381,6851 CADET AVE,FORT MYERS,FL,33905
9382,8 EHRLY PL,PALM COAST,FL,32164
9383,82 W WATERSIDE PKWY,PALM COAST,FL,32137
9384,9 ZENITH CT,PALM COAST,FL,32164
9385,9131 SOUTHMONT CV 205,FORT MYERS,FL,33908
9386,9224 CYPRESS DR N,FORT MYERS,FL,33967
9387,10271 SW Amerigo LN,Port Saint Lucie,FL,34950
9388,11 HELEN LN,FORT MYERS BEACH,FL,33931
9389,11 MAHOE DR S,PALM COAST,FL,32137
9390,114 BAYSIDE DR,PALM COAST,FL,32137
9391,1140 SE LADNER ST,Port Saint Lucie,FL,34953
9392,1285 SW Bellevue AVE,Port Saint Lucie,FL,34953
9393,14 PONCE DELEON DR,PALM COAST,FL,32164
9394,141 POINT PLEASANT DR,PALM COAST,FL,32164
9395,14683 TRIPLE EAGLE CT,FORT MYERS,FL,33912
9396,15 BROADMORE CIR,PALM COAST,FL,32137
9397,17533 INGRAM RD,FORT MYERS,FL,33967
9398,1871 SW LEWIS ST,Port Saint Lucie,FL,34953
9399,222 SW Aldoro PL,Port Saint Lucie,FL,34953
9400,22700 ISLAND PINES WAY 201,FORT MYERS BEACH,FL,33931
9401,2349 WOODLAND TER,FORT MYERS,FL,33907
9402,237 SE EYERLY AVE,Port Saint Lucie,FL,34953
9403,239/243 239/243 DAKOTA AVE,FORT MYERS BEACH,FL,33931
9404,250 EGRET ST,FORT MYERS BEACH,FL,33931
9405,27 RIVERA LN,PALM COAST,FL,32164
9406,2915 WINKLER AVE 813,FORT MYERS,FL,33916
9407,3934 E MICHIGAN AVE,FORT MYERS,FL,33905
9408,4255 LIRON AVE 103,FORT MYERS,FL,33916
9409,427 SW HORSESHOE BAY,Port Saint Lucie,FL,34953
9410,456 SW Aster RD,Port Saint Lucie,FL,34953
9411,4602 TENNESSEE WAY,FORT MYERS,FL,33905
9412,4790 S CLEVELAND AVE 1305,FORT MYERS,FL,33907
9413,561 SE Chapman AVE,Port Saint Lucie,FL,34953
9414,6430 PLUMOSA AVE,FORT MYERS,FL,33908
9415,68 LUTHER DR,PALM COAST,FL,32137
9416,8500 VILLAGE EDGE CIR 4,FORT MYERS,FL,33919
9417,9762 DEERFOOT DR,FORT MYERS,FL,33919
9418,12 KATRINA PL,PALM COAST,FL,32164
9419,14590 GRANDE CAY CIR 2603,FORT MYERS,FL,33908
9420,14702 TARMAC CT D17,FORT MYERS,FL,33913
9421,14840 SUMMERLIN WOODS DR 9,FORT MYERS,FL,33919
9422,15031 PUNTA RASSA RD 901,FORT MYERS,FL,33908
9423,171 SW INWOOD AVE,Port Saint Lucie,FL,34953
9424,1722 PARK MEADOWS DR 4,FORT MYERS,FL,33907
9425,17413 CONNECTICUT RD,FORT MYERS,FL,33967
9426,1805 FRENCH ST,FORT MYERS,FL,33916
9427,183 SW LADYBUG DR,Port Saint Lucie,FL,34953
9428,2 IBIS CT N,PALM COAST,FL,32137
9429,207 NW Zanzibar PL,Port Saint Lucie,FL,34986
9430,24 PITTMAN DR,PALM COAST,FL,32164
9431,26 BANNER LN,PALM COAST,FL,32137
9432,28 WESTFALLS LN,PALM COAST,FL,32164
9433,29 KARAT PATH,PALM COAST,FL,32164
9434,2922 SW SANDBAR ST,Port Saint Lucie,FL,34953
9435,30 LONDONDERRY DR,PALM COAST,FL,32137
9436,449 SW Dagget AVE,Port Saint Lucie,FL,34953
9437,50 PALM HARBOR PKWY 43,PALM COAST,FL,32137
9438,5316 NW South Lanett CIR,Port Saint Lucie,FL,34986
9439,5697 BRIGHTWOOD DR,FORT MYERS,FL,33905
9440,57 WYNNFIELD DR,PALM COAST,FL,32164
9441,6220 AUGUSTA DR 313,FORT MYERS,FL,33907
9442,7 FENHILL LN,PALM COAST,FL,32137
9443,814 LA SALLE AVE,FORT MYERS,FL,33913
9444,8293 CYPRESS DR S,FORT MYERS,FL,33967
9445,832 SW JAVA AVE,Port Saint Lucie,FL,34953
9446,913 SW HAMBERLAND AVE,Port Saint Lucie,FL,34953
9447,10760 PALAZZO WAY 204,FORT MYERS,FL,33913
9448,11611 IONA RD,FORT MYERS,FL,33908
9449,1235 CARLENE AVE,FORT MYERS,FL,33901
9450,13 LAMAR LN,PALM COAST,FL,32137
9451,13280 SLEEPY HOLLOW LN,FORT MYERS,FL,33913
9452,1382 SE RIVERGREEN CIR,Port Saint Lucie,FL,34953
9453,13881 WILLISTON WAY, NAPLES,FL,34119
9454,1406 SE Goldtree DR,Port Saint Lucie,FL,34953
9455,14831 PARK LAKE DR PH2,FORT MYERS,FL,33919
9456,15170 ASPEN DR,FORT MYERS,FL,33908
9457,16011 HARBOUR PALMS DR,FORT MYERS,FL,33908
9458,16381 KELLY WOODS DR 162,FORT MYERS,FL,33908
9459,1711 SW GLADE ST,Port Saint Lucie,FL,34953
9460,1802 SW HILOLA LN,Port Saint Lucie,FL,34953
9461,1815 HENDERSON AVE,FORT MYERS,FL,33916
9462,19104 DOGWOOD RD,FORT MYERS,FL,33967
9463,206 BLACKSTONE DR,FORT MYERS,FL,33913
9464,2105 SE DOLPHIN RD,Port Saint Lucie,FL,34953
9465,25 OCEAN CREST WAY 1234,PALM COAST,FL,32137
9466,2662 SE OPAL CIR,Port Saint Lucie,FL,34953
9467,333 SW DWIGHT AVE,Port Saint Lucie,FL,34953
9468,425 SW SWEETWATER TRL,Port Saint Lucie,FL,34953
9469,4412 BIRMINGHAM ST,FORT MYERS,FL,33905
9470,5440/5444 5440/5444 ELEVENTH AVE,FORT MYERS,FL,33907
9471,5679 ARVINE CIR,FORT MYERS,FL,33919
9472,75 FRANCISCAN LN,PALM COAST,FL,32137
9473,76 LANGDON DR,PALM COAST,FL,32137
9474,7702 BAY LAKE DR,FORT MYERS,FL,33907
9475,801 SW TULIP BLVD,Port Saint Lucie,FL,34953
9476,889 SW Abingdon AVE,Port Saint Lucie,FL,34953
9477,9220 BAYBERRY BND 201,FORT MYERS,FL,33908
9478,11866 ADONCIA WAY 2205,FORT MYERS,FL,33912
9479,12609 DAVIS BLVD,FORT MYERS,FL,33905
9480,131 SW BECKER RD,Port Saint Lucie,FL,34953
9481,14068 ALEDO CT,FORT MYERS,FL,33905
9482,14521 FARRINGTON WAY 105,FORT MYERS,FL,33912
9483,14571 LEGENDS BLVD N 403,FORT MYERS,FL,33912
9484,1631 SW PAAR DR,Port Saint Lucie,FL,34953
9485,16340 DUBLIN CIR 204,FORT MYERS,FL,33908
9486,1872 SE JOY HAVEN ST,Port Saint Lucie,FL,34953
9487,2098 SE TRIUMPH RD,Port Saint Lucie,FL,34953
9488,22 BOBBI LN,PALM COAST,FL,32137
9489,2221 FLORA AVE,FORT MYERS,FL,33907
9490,3066 PALM AVE,FORT MYERS,FL,33901
9491,338 MATTIE AVE,FORT MYERS,FL,33908
9492,4210 SE HOME WAY,Port Saint Lucie,FL,34952
9493,5510 HARBORAGE DR,FORT MYERS,FL,33908
9494,569 SW Indian Key DR,Port Saint Lucie,FL,34986
9495,6163 NW GATUN DR,Port Saint Lucie,FL,34953
9496,6714 NW DOROTHY ST,Port Saint Lucie,FL,34953
9497,7312 LOUISE DR,FORT MYERS,FL,33967
9498,8323 DELICIA ST 1308,FORT MYERS,FL,33912
9499,9181 BAYBERRY BND 102,FORT MYERS,FL,33908
9500,9291 CENTRAL PARK DR 105,FORT MYERS,FL,33919
9501,9588 HEMINGWAY LN 3504,FORT MYERS,FL,33913
9502,9757 SUGARBERRY WAY,FORT MYERS,FL,33905
9503,10560 MARINO POINTE DR 104,FORT MYERS,FL,33913
9504,11365 SW Hillcrest CIR,Port Saint Lucie,FL,34987
9505,11701 HOLIDAY CONDO DR,FORT MYERS,FL,33908
9506,1224 SW PARADISE COVE,Port Saint Lucie,FL,34953
9507,1316 SW PARMA AVE,Port Saint Lucie,FL,34953
9508,1346 STADLER DR,FORT MYERS,FL,33901
9509,14512 ABACO LAKES DR 102,FORT MYERS,FL,33908
9510,14751 HOLE IN ONE CIR 309,FORT MYERS,FL,33919
9511,15 HARGROVE LN 3J,PALM COAST,FL,32137
9512,16440 MILLSTONE CIR 204,FORT MYERS,FL,33908
9513,17037 TERRAVERDE CIR,FORT MYERS,FL,33908
9514,17670 PEPPARD DR,FORT MYERS BEACH,FL,33931
9515,19 CEDARWOOD CT,PALM COAST,FL,32137
9516,1906 SW Via Laura,Port Saint Lucie,FL,34953
9517,1931 S MACEDO BLVD,Port Saint Lucie,FL,34953
9518,20 CANNES CT,FORT MYERS,FL,33919
9519,2119 SW MADRUGA ST,Port Saint Lucie,FL,34953
9520,2130 SW Newport Isles BLVD,Port Saint Lucie,FL,34953
9521,26 FALLEN OAK LN,PALM COAST,FL,32137
9522,2721 SW ENSENADA TERR,Port Saint Lucie,FL,34953
9523,3201 CYPRESS MARSH DR,FORT MYERS,FL,33905
9524,513 NW Lake Whitney Place 101,Port Saint Lucie,FL,34986
9525,56 LAKE SUCCESS DR,PALM COAST,FL,32137
9526,6147 STRATTON RD,FORT MYERS,FL,33905
9527,6160 PRINCIPIA DR 3,FORT MYERS,FL,33919
9528,624 SW Aster RD,Port Saint Lucie,FL,34953
9529,7029 N OCEAN SHORE BLVD,PALM COAST,FL,32137
9530,7427 SIKA DEER WAY,FORT MYERS,FL,33966
9531,811 SAN CARLOS DR,FORT MYERS BEACH,FL,33931
9532,9340 VIA SAN GIOVANI ST,FORT MYERS,FL,33905
9533,112 FORT CAROLINE LN,PALM COAST,FL,32137
9534,12 RICHELIEU LN,PALM COAST,FL,32164
9535,12331 TOWNE LAKE DR 10,FORT MYERS,FL,33913
9536,1282 NW BENTLEY CIR A,Port Saint Lucie,FL,34982
9537,12966 SANDPOINT CT,FORT MYERS,FL,33919
9538,13268 WHITEHAVEN LN 107,FORT MYERS,FL,33966
9539,1422 SW HUNNICUT AVE,Port Saint Lucie,FL,34953
9540,1514 SW Chari AVE,Port Saint Lucie,FL,34953
9541,17564 CHERRY RIDGE LN,FORT MYERS,FL,33967
9542,1768 SE MANTH LN,Port Saint Lucie,FL,34953
9543,18078 CYPRESS POINT RD,FORT MYERS,FL,33967
9544,1814 SW Certosa RD,Port Saint Lucie,FL,34953
9545,223 S RIVERWALK DR,PALM COAST,FL,32137
9546,2240 SE WALTON RD,Port Saint Lucie,FL,34952
9547,243 KINGSTON DR,FORT MYERS,FL,33905
9548,304 SE Castle CT D,Port Saint Lucie,FL,34953
9549,4208 SW KARLUK DR,Port Saint Lucie,FL,34953
9550,4472 GREENWOOD AVE,FORT MYERS,FL,33905
9551,4936 MARS ST,FORT MYERS,FL,33905
9552,5 BUFFALO PLAINS LN,PALM COAST,FL,32137
9553,591 SE WALTERS TERR,Port Saint Lucie,FL,34953
9554,6 WILMART PL,PALM COAST,FL,32164
9555,609 SW ESTER AVE,Port Saint Lucie,FL,34953
9556,642 SW PRADO AVE,Port Saint Lucie,FL,34953
9557,66 WOODBURY DR,PALM COAST,FL,32164
9558,8 SEOANE PL,PALM COAST,FL,32164
9559,843 SEA URCHIN CIR,FORT MYERS,FL,33913
9560,879 SW MCCOY AVE,Port Saint Lucie,FL,34953
9561,1017 BAL ISLE DR,FORT MYERS,FL,33919
9562,104 SW Peacock BLVD 3-102,Port Saint Lucie,FL,34986
9563,10609 CAMARELLE CIR,FORT MYERS,FL,33913
9564,13670 ABBEY DR 2,FORT MYERS,FL,33919
9565,19 EASTLAKE DR,PALM COAST,FL,32137
9566,2090 W FIRST ST E3105,FORT MYERS,FL,33901
9567,2119 PINEVIEW RD,FORT MYERS,FL,33901
9568,225 MORSE PLAZA,FORT MYERS,FL,33905
9569,2292 SW MOUNT VERNON ST,Port Saint Lucie,FL,34953
9570,262 SE WHITMORE DR,Port Saint Lucie,FL,34953
9571,28108 SERATA CT, NAPLES,FL,34110
9572,4 CLEAR CT,PALM COAST,FL,32137
9573,4141 BAY BEACH LN 436,FORT MYERS BEACH,FL,33931
9574,4343 AVIAN AVE,FORT MYERS,FL,33916
9575,473 SW PRATER AVE,Port Saint Lucie,FL,34953
9576,5210 NW NEWARK LN,Port Saint Lucie,FL,34953
9577,6 PENNFIELD LN,PALM COAST,FL,32164
9578,691 SE THANKSGIVING AVE,Port Saint Lucie,FL,34984
9579,721 NW SELVITZ RD,Port Saint Lucie,FL,34953
9580,8830 BANYAN COVE CIR,FORT MYERS,FL,33919
9581,10610 VICENZA CT,FORT MYERS,FL,33913
9582,10659 PELICAN PRESERVE BLVD C,FORT MYERS,FL,33913
9583,1206 BELGRAVE ST,FORT MYERS,FL,33913
9584,12081 SUMMERGATE CIR 202,FORT MYERS,FL,33913
9585,1210 NW LOMBARDY DR,Port Saint Lucie,FL,34986
9586,12210 SW Weeping Willow AVE,Port Saint Lucie,FL,34987
9587,12310 SW Elsinore DR,Port Saint Lucie,FL,34987
9588,12495 NW McGregor LN,Port Saint Lucie,FL,34987
9589,1470 NW Leonardo CIR,Port Saint Lucie,FL,34986
9590,17770 EGLANTINE LN,FORT MYERS BEACH,FL,33931
9591,1950 SW GOURMET ST,Port Saint Lucie,FL,34953
9592,24031 CR 850,FORT MYERS,FL,33913
9593,2500 SE Anchorage Cove H-2,Port Saint Lucie,FL,34953
9594,359 ALTAMONT AVE,FORT MYERS,FL,33905
9595,3757 SW OTTAWA ST,Port Saint Lucie,FL,34953
9596,4104 CHERRYBROOK LOOP,FORT MYERS,FL,33966
9597,42 COMANCHE CT,PALM COAST,FL,32137
9598,472 SW TULIP BLVD,Port Saint Lucie,FL,34953
9599,5 OAKVIEW CT,PALM COAST,FL,32137
9600,5648 NW LORNA CT,Port Saint Lucie,FL,34953
9601,60 BAYSIDE DR,PALM COAST,FL,32137
9602,6451 BRIARWOOD TER,FORT MYERS,FL,33912
9603,8 DEERFIELD CT,PALM COAST,FL,32137
9604,109 SOUTHLAKE DR,PALM COAST,FL,32137
9605,1212 NW SUN TERRACE CIR,Port Saint Lucie,FL,34953
9606,14271 HICKORY LINKS CT 1316,FORT MYERS,FL,33912
9607,14851 REFLECTION KEY CIR 1511,FORT MYERS,FL,33907
9608,1611 SW PANCOAST ST,Port Saint Lucie,FL,34953
9609,200 OCEAN CREST DR 727S,PALM COAST,FL,32137
9610,2191 SW Colwell AVE,Port Saint Lucie,FL,34953
9611,22 RYDER DR,PALM COAST,FL,32164
9612,255 MIRAMAR ST,FORT MYERS BEACH,FL,33931
9613,271 SE KASPAR DR,Port Saint Lucie,FL,34953
9614,2751 SE GOWIN DR,Port Saint Lucie,FL,34953
9615,2797 FIRST ST 2205,FORT MYERS,FL,33916
9616,324 SE Tramonto ST,Port Saint Lucie,FL,34984
9617,3401 SW ENGLEWOOD ST,Port Saint Lucie,FL,34953
9618,341 NW Billiar AVE,Port Saint Lucie,FL,34953
9619,37 ZONAL GERANIUM TRL,PALM COAST,FL,32164
9620,405 MADISON CT,FORT MYERS BEACH,FL,33931
9621,41 PINE HURST LN,PALM COAST,FL,32164
9622,4641 LAKESIDE CLUB BLVD 1,FORT MYERS,FL,33905
9623,5 SEA TRL,PALM COAST,FL,32164
9624,5091 FAIRFIELD DR,FORT MYERS,FL,33919
9625,521 SW HALIFAX AVE,Port Saint Lucie,FL,34953
9626,58 SLEEPY HOLLOW TRL,PALM COAST,FL,32164
9627,6125 LAKE FRONT DR,FORT MYERS,FL,33908
9628,6777 WINKLER RD 269,FORT MYERS,FL,33919
9629,701 SW HIBISCUS ST,Port Saint Lucie,FL,34953
9630,762 SE ELWOOD AVE,Port Saint Lucie,FL,34953
9631,7783 NW Greenbank CIR,Port Saint Lucie,FL,34987
9632,782 NW GRENADA ST,Port Saint Lucie,FL,34953
9633,10 COLLINGDALE CT,PALM COAST,FL,32137
9634,10125 SW Indian Lilac TRL,Port Saint Lucie,FL,34987
9635,10433 WINCHESTER CT,FORT MYERS,FL,33908
9636,1255 BURLWOOD AVE,FORT MYERS,FL,33913
9637,1266 MEDINAH DR,FORT MYERS,FL,33919
9638,14114 HICKORY MARSH LN,FORT MYERS,FL,33912
9639,14380 RIVA DEL LAGO DR 1801,FORT MYERS,FL,33907
9640,16053 VIA SOLERA CIR 102,FORT MYERS,FL,33908
9641,16215 EDGEMONT DR,FORT MYERS,FL,33908
9642,163 ISLAND ESTATES PKWY,PALM COAST,FL,32137
9643,1650 SW WHIPPLE AVE,Port Saint Lucie,FL,34953
9644,1679 SOUTH DR,FORT MYERS,FL,33907
9645,17126 TERRAVERDE CIR 1,FORT MYERS,FL,33908
9646,2091 SE TRIUMPH RD,Port Saint Lucie,FL,34953
9647,2303 FRANKLIN ST,FORT MYERS,FL,33901
9648,343 SW Lake Forest WAY,Port Saint Lucie,FL,34986
9649,4745 ESTERO BLVD 1003,FORT MYERS BEACH,FL,33931
9650,648 SW Abode AVE,Port Saint Lucie,FL,34953
9651,668 SW VIOLET AVE,Port Saint Lucie,FL,34953
9652,7 PORWYN LN,PALM COAST,FL,32164
9653,70 FRONTIER DR,PALM COAST,FL,32137
9654,751 SE EVERGREEN TERR,Port Saint Lucie,FL,34953
9655,8 FAIRVIEW BLVD,FORT MYERS BEACH,FL,33931
9656,813 SW Amethist TER,Port Saint Lucie,FL,34953
9657,8165 LARK LN,FORT MYERS,FL,33967
9658,868 SW TULIP BLVD,Port Saint Lucie,FL,34953
9659,9215 INDEPENDENCE WAY,FORT MYERS,FL,33913
9660,9251 CENTRAL PARK DR 101,FORT MYERS,FL,33919
9661,1 PHOENIX LN,PALM COAST,FL,32164
9662,1 BECKER LN,PALM COAST,FL,32137
9663,10135 COLONIAL COUNTRY CLUB BLVD 1203,FORT MYERS,FL,33913
9664,10313 CAROLINA WILLOW DR,FORT MYERS,FL,33913
9665,11611 NAVARRO WAY 2007,FORT MYERS,FL,33908
9666,13851 LAKE MAHOGANY BLVD 3513,FORT MYERS,FL,33907
9667,1632 SW Cordova ST,Port Saint Lucie,FL,34953
9668,17 MASTERS CT,PALM COAST,FL,32137
9669,194 SE Crosspoint DR,Port Saint Lucie,FL,34953
9670,2021 SE ELLINGTON TERR,Port Saint Lucie,FL,34953
9671,26 WHITCOCK LN,PALM COAST,FL,32164
9672,32 OCEAN RIDGE BLVD N,PALM COAST,FL,32137
9673,395 PALM COAST PKWY SW 501,PALM COAST,FL,32137
9674,44 PINE GROVE DR,PALM COAST,FL,32164
9675,4616 SW Bachelor ST,Port Saint Lucie,FL,34953
9676,510 SW NAGLE PL,Port Saint Lucie,FL,34953
9677,578 NW Colonial ST,Port Saint Lucie,FL,34953
9678,6444 NW FAYE ST,Port Saint Lucie,FL,34953
9679,702 SW HOFFENBERG AVE,Port Saint Lucie,FL,34953
9680,7930 ESTERO BLVD 409,FORT MYERS BEACH,FL,33931
9681,8 COLLIER CT,PALM COAST,FL,32137
9682,1062 NW Bayshore BLVD,Port Saint Lucie,FL,34953
9683,109 COLECHESTER LN,PALM COAST,FL,32137
9684,11348 SW Northland DR,Port Saint Lucie,FL,34987
9685,1366 SW DORCHESTER ST,Port Saint Lucie,FL,34953
9686,148 SE Via Visconti,Port Saint Lucie,FL,34982
9687,16011 AMBERWOOD LAKE CT 4,FORT MYERS,FL,33908
9688,19 RAELAND LN,PALM COAST,FL,32164
9689,2 RADIAL PL,PALM COAST,FL,32164
9690,2649 FOWLER ST,FORT MYERS,FL,33901
9691,27 SLIPPER ORCHID TRL E,PALM COAST,FL,32164
9692,3 FLANDERS LN,PALM COAST,FL,32137
9693,3431 CLEVELAND AVE,FORT MYERS,FL,33901
9694,35 FLORIDA PARK DR,PALM COAST,FL,32137
9695,41 PORT ROYAL DR,PALM COAST,FL,32164
9696,5 WOODSIDE DR,PALM COAST,FL,32164
9697,5042 NW Coventry CIR,Port Saint Lucie,FL,34986
9698,5665 TRAILWINDS DR 615,FORT MYERS,FL,33907
9699,574 SW LACONIC AVE,Port Saint Lucie,FL,34953
9700,6 BIRCHWOOD PL,PALM COAST,FL,32137
9701,6146 HESTER AVE,FORT MYERS,FL,33905
9702,6612 ESTERO BLVD 901,FORT MYERS BEACH,FL,33931
9703,758 NE EASTLAKE ST,Port Saint Lucie,FL,34953
9704,78 BRIARVUE LN,PALM COAST,FL,32137
9705,8141 COUNTRY RD 103,FORT MYERS,FL,33919
9706,879 SW Munjack CIR,Port Saint Lucie,FL,34986
9707,9201 BAYBERRY BND 101,FORT MYERS,FL,33908
9708,1 WALTER PL,PALM COAST,FL,32164
9709,105 W WATERSIDE PKWY,PALM COAST,FL,32137
9710,1255 BURMA CT,FORT MYERS,FL,33913
9711,1292 CLEBURNE DR,FORT MYERS,FL,33919
9712,13755 GOLDEN PALMS CIR,FORT MYERS,FL,33913
9713,14 AVALON DR,PALM COAST,FL,32137
9714,14480 CYPRESS TRACE CT,FORT MYERS,FL,33919
9715,16917 TIMBERLAKES DR,FORT MYERS,FL,33908
9716,17 RAMBLEWOOD DR,PALM COAST,FL,32164
9717,1761 SW Cashmere BLVD,Port Saint Lucie,FL,34953
9718,18 COTTONTON CT,PALM COAST,FL,32137
9719,18693/697 18693/697 TANGERINE RD,FORT MYERS,FL,33967
9720,19 WEYANOKE LN,PALM COAST,FL,32164
9721,19648 CASA VERDE WAY,FORT MYERS,FL,33967
9722,2 BERKSHIRE LN,PALM COAST,FL,32137
9723,21 WOODWARD LN,PALM COAST,FL,32164
9724,23 NORTHSHORE DR,PALM COAST,FL,32137
9725,2301 SW Wynnewood ST,Port Saint Lucie,FL,34953
9726,2690 SW Ann Arbor RD,Port Saint Lucie,FL,34953
9727,284 NW FERRIS DR,Port Saint Lucie,FL,34953
9728,4182 BAY BEACH LN 734,FORT MYERS BEACH,FL,33931
9729,4210 STEAMBOAT BEND 404,FORT MYERS,FL,33919
9730,5660 KENSINGTON LOOP,FORT MYERS,FL,33912
9731,7065 ARMADILLO WAY,FORT MYERS,FL,33967
9732,76 POINT OF WOODS DR,PALM COAST,FL,32164
9733,861 SW HAMBERLAND AVE,Port Saint Lucie,FL,34953
9734,1064 DUCK LN, OKEECHOBEE,FL,34974
9735,11996 TULIO WAY 2302,FORT MYERS,FL,33912
9736,1206 BRIARCLIFFE ST,FORT MYERS,FL,33913
9737,132 SW RIDGECREST DR,Port Saint Lucie,FL,34953
9738,1382 WHISKEY CREEK DR,FORT MYERS,FL,33919
9739,14961 HOLE IN ONE CIR 102,FORT MYERS,FL,33919
9740,15602 BEACH PEBBLE WAY,FORT MYERS,FL,33908
9741,1591 SW Abingdon AVE,Port Saint Lucie,FL,34953
9742,1599 GROVE AVE,FORT MYERS,FL,33901
9743,16181 FAIRWAY WOODS DR 1406,FORT MYERS,FL,33908
9744,1634 SE MANSFIELD ST,Port Saint Lucie,FL,34953
9745,16683 BOBCAT DR,FORT MYERS,FL,33908
9746,16912 TIMBERLAKES DR,FORT MYERS,FL,33908
9747,1734 SW ERIE ST,Port Saint Lucie,FL,34953
9748,18 UNDERWICK PATH,PALM COAST,FL,32164
9749,200 FRONTIER DR,PALM COAST,FL,32137
9750,216 DERWENT BLVD,FORT MYERS,FL,33908
9751,2200 DR MARTIN LUTHER KING JR BLVD,FORT MYERS,FL,33901
9752,2250 SE Carnation RD,Port Saint Lucie,FL,34953
9753,23 UNIONTIN CT,PALM COAST,FL,32164
9754,29 BLAINE TREE PL,PALM COAST,FL,32137
9755,324 SW Columbus DR,Port Saint Lucie,FL,34953
9756,37 POPLAR DR,PALM COAST,FL,32164
9757,426 SW MOLLOY ST,Port Saint Lucie,FL,34953
9758,513 NW Lake Whitney Place 102,Port Saint Lucie,FL,34986
9759,548 NW FLORESTA DR,Port Saint Lucie,FL,34953
9760,6 ZOLLINGER PL,PALM COAST,FL,32164
9761,6250 NEAL RD,FORT MYERS,FL,33905
9762,8076 QUEEN PALM LN 438,FORT MYERS,FL,33966
9763,8224 ALBATROSS RD,FORT MYERS,FL,33967
9764,9220 TRIANA TER 175,FORT MYERS,FL,33912
9765,949 SW HAMBERLAND AVE,Port Saint Lucie,FL,34953
9766,10927 DENNINGTON RD,FORT MYERS,FL,33913
9767,119 PANORAMA DR,PALM COAST,FL,32164
9768,1238 SW PATRICIA AVE,Port Saint Lucie,FL,34953
9769,13501 SIESTA PINES CT 202,FORT MYERS,FL,33908
9770,13571 EAGLE RIDGE DR 1336,FORT MYERS,FL,33912
9771,13631 EAGLE RIDGE DR 212,FORT MYERS,FL,33912
9772,13902 BENTLY CIR,FORT MYERS,FL,33912
9773,1508 LURA AVE,FORT MYERS,FL,33916
9774,16 PERSIMMON DR,PALM COAST,FL,32164
9775,1640 BENCHMARK AVE,FORT MYERS,FL,33905
9776,1662 SE FLORESTA DR,Port Saint Lucie,FL,34953
9777,17560 RICHARD RD,FORT MYERS,FL,33913
9778,2202 SE Aneci ST,Port Saint Lucie,FL,34953
9779,3 RICHFIELD LN,PALM COAST,FL,32164
9780,3000 OASIS GRAND BLVD 705,FORT MYERS,FL,33916
9781,3017 SE MORNINGSIDE BLVD,Port Saint Lucie,FL,34953
9782,362 SE STARFISH AVE,Port Saint Lucie,FL,34953
9783,3854 HOFFMAN ST,FORT MYERS,FL,33905
9784,51 LA MANCHA DR,PALM COAST,FL,32137
9785,5900 ESTERO BLVD,FORT MYERS BEACH,FL,33931
9786,600 ESTERO BLVD 403,FORT MYERS BEACH,FL,33931
9787,6529 NW OMEGA RD,Port Saint Lucie,FL,34953
9788,6680 ST IVES CT,FORT MYERS,FL,33966
9789,7 SECKEL CT,PALM COAST,FL,32164
9790,910 SW JASLO AVE,Port Saint Lucie,FL,34953
9791,9370 AVIANO DR 202,FORT MYERS,FL,33913
9792,100 FLAMINGO DR,PALM COAST,FL,32137
9793,1102 SW Abingdon AVE,Port Saint Lucie,FL,34953
9794,11371 HEIDI LEE LN,FORT MYERS,FL,33908
9795,12 POWDER LN,PALM COAST,FL,32164
9796,1544 SE FACULTY CT,Port Saint Lucie,FL,34953
9797,1648 SE GREEN ACRES CIR EE204,Port Saint Lucie,FL,34953
9798,1910 VIRGINIA AVE 701,FORT MYERS,FL,33901
9799,34 BARKLEY LN,PALM COAST,FL,32137
9800,372 NW PLACID AVE,Port Saint Lucie,FL,34953
9801,4217 SW Xenon ST,Port Saint Lucie,FL,34953
9802,6820 SHADOW CREEK BLVD,FORT MYERS,FL,33908
9803,701 SW TUPPER LN,Port Saint Lucie,FL,34953
9804,89 POINT OF WOODS DR,PALM COAST,FL,32164
9805,9204 RIVER OTTER DR,FORT MYERS,FL,33912
9806,9260 PASEO DE VALENCIA ST,FORT MYERS,FL,33908
9807,10450 WASHINGTONIA PALM WAY 1446,FORT MYERS,FL,33966
9808,11106 SEMINOLE PALM WAY,FORT MYERS,FL,33966
9809,12211 LIVE OAK DR,FORT MYERS,FL,33908
9810,13851 WILLOW HAVEN CT,FORT MYERS,FL,33905
9811,1417 REYNARD DR,FORT MYERS,FL,33919
9812,14941 VISTA VIEW WAY 702,FORT MYERS,FL,33919
9813,16442 TIMBERLAKES DR 201,FORT MYERS,FL,33908
9814,1661 SE North Blackwell DR,Port Saint Lucie,FL,34953
9815,1724 PINE VALLEY DR 119,FORT MYERS,FL,33907
9816,1741 SW Advana ST,Port Saint Lucie,FL,34953
9817,18412 HEATHER RD,FORT MYERS,FL,33967
9818,2074 SE Fern Park DR,Port Saint Lucie,FL,34952
9819,232 SW KENTWOOD RD,Port Saint Lucie,FL,34953
9820,240 S RIVERWALK DR,PALM COAST,FL,32137
9821,2416 SIMPSON ST,FORT MYERS,FL,33901
9822,243 DELRAY AVE,FORT MYERS,FL,33905
9823,2500 SE Anchorage Cove C-2,Port Saint Lucie,FL,34953
9824,2926 SE Bella RD,Port Saint Lucie,FL,34953
9825,435 NW Cool Water CT,Port Saint Lucie,FL,34986
9826,4533 SW TABOR ST,Port Saint Lucie,FL,34953
9827,5388 NW Akbar TER,Port Saint Lucie,FL,34953
9828,5820 MAPLEWOOD CT,FORT MYERS,FL,33905
9829,674 SE MAJESTIC TERR,Port Saint Lucie,FL,34953
9830,9 BRIGADOON LN,PALM COAST,FL,32137
9831,9056/9060 9056/9060 TANGELO BLVD,FORT MYERS,FL,33967
9832,1001 NORTH TOWN AND RIVER DR,FORT MYERS,FL,33919
9833,103 NW Pleasant Grove WAY,Port Saint Lucie,FL,34986
9834,1282 SW Century AVE,Port Saint Lucie,FL,34953
9835,1295 LINDA RD, OKEECHOBEE,FL,34974
9836,140 NW Pleasant Grove WAY,Port Saint Lucie,FL,34986
9837,14362 CRISTOBAL ST,FORT MYERS,FL,33905
9838,148 SW Peacock BLVD 25-202,Port Saint Lucie,FL,34986
9839,15 LEWISDALE LN,PALM COAST,FL,32137
9840,15630 MCGREGOR BLVD,FORT MYERS,FL,33908
9841,15700 BEACHCOMBER AVE,FORT MYERS,FL,33908
9842,15737 BEACHCOMBER AVE,FORT MYERS,FL,33908
9843,1633 SW Clover ST,Port Saint Lucie,FL,34953
9844,1731 SW Cinema ST,Port Saint Lucie,FL,34953
9845,18286 LEE RD,FORT MYERS,FL,33967
9846,2037 SW Aquarius LN,Port Saint Lucie,FL,34953
9847,2100 BARKELEY LN 22,FORT MYERS,FL,33907
9848,23 REINHARDT LN,PALM COAST,FL,32164
9849,258 SW De Gouvea Terr,Port Saint Lucie,FL,34953
9850,3121 SE Canby RD,Port Saint Lucie,FL,34953
9851,3122 SE RAMSEY CT,Port Saint Lucie,FL,34953
9852,313 SW EASTPORT CIR,Port Saint Lucie,FL,34953
9853,3926 SW Brunswick ST,Port Saint Lucie,FL,34953
9854,4726 NOTTINGHAM DR,FORT MYERS,FL,33905
9855,474 SE TRAY TERR,Port Saint Lucie,FL,34953
9856,49 LA MANCHA DR,PALM COAST,FL,32137
9857,5 BANNBURY LN,PALM COAST,FL,32137
9858,53 SEA VISTA DR,PALM COAST,FL,32137
9859,5466 GOVERNORS DR,FORT MYERS,FL,33907
9860,657 PINE ST,FORT MYERS,FL,33916
9861,773 NE EASTLAKE ST,Port Saint Lucie,FL,34953
9862,8720 ALICO RD,FORT MYERS,FL,33912
9863,10480 WASHINGTONIA PALM WAY 1145,FORT MYERS,FL,33966
9864,1049 SW SUDDER AVE,Port Saint Lucie,FL,34953
9865,1074 SW Consolata AVE,Port Saint Lucie,FL,34953
9866,11097 WINE PALM RD,FORT MYERS,FL,33966
9867,1125 NW LOMBARDY DR,Port Saint Lucie,FL,34986
9868,11351 CYPRESS LN,FORT MYERS BEACH,FL,33931
9869,11711 PASETTO LN 204,FORT MYERS,FL,33908
9870,149 SW De Gouvea Terr,Port Saint Lucie,FL,34953
9871,15660 CARRIEDALE LN 2,FORT MYERS,FL,33912
9872,1634 SE HARP LN,Port Saint Lucie,FL,34953
9873,17 SEA BROOK PL,PALM COAST,FL,32164
9874,1834 SW EFFLAND AVE,Port Saint Lucie,FL,34953
9875,19451 S TAMIAMI TRL 115,FORT MYERS,FL,33908
9876,21 BARBERA LN,PALM COAST,FL,32137
9877,2104 W FIRST ST 1704,FORT MYERS,FL,33901
9878,22 SABAL BND,PALM COAST,FL,32137
9879,23 PLATEAU LN,PALM COAST,FL,32164
9880,28 BURBANK DR,PALM COAST,FL,32137
9881,29 CAPTAINS WALK,PALM COAST,FL,32137
9882,2929 WINKLER AVE 1018,FORT MYERS,FL,33916
9883,393 NW FERRIS DR,Port Saint Lucie,FL,34953
9884,4047 SW KAMSLER ST,Port Saint Lucie,FL,34953
9885,4160 STEAMBOAT BEND EAST 506,FORT MYERS,FL,33919
9886,4340 BELLARIA WAY,FORT MYERS,FL,33916
9887,45 OCEAN CREST WAY 1032,PALM COAST,FL,32137
9888,454 NW Lake Whitney Place,Port Saint Lucie,FL,34986
9889,455 SE Tramonto ST,Port Saint Lucie,FL,34984
9890,4582 SW Cacao ST,Port Saint Lucie,FL,34953
9891,5313 SUMMERLIN RD 1307,FORT MYERS,FL,33919
9892,5335 NW West Lanett CIR,Port Saint Lucie,FL,34986
9893,5780 NW Belwood CIR,Port Saint Lucie,FL,34953
9894,5873 NW Carovel AVE,Port Saint Lucie,FL,34953
9895,633 SW HOMELAND RD,Port Saint Lucie,FL,34953
9896,6620 ESTERO BLVD 806,FORT MYERS BEACH,FL,33931
9897,702 SW Amber TER,Port Saint Lucie,FL,34953
9898,806 SW LAKE CHARLES CIR,Port Saint Lucie,FL,34953
9899,8404 LEMON RD,FORT MYERS,FL,33967
9900,9230 CORAL ISLE WAY,FORT MYERS,FL,33919
9901,9563 VIA LAGO WAY,FORT MYERS,FL,33912
9902,102 PATRIC DR,PALM COAST,FL,32164
9903,10420 SIRENE WAY,FORT MYERS,FL,33913
9904,11397 WATERFORD VILLAGE DR,FORT MYERS,FL,33913
9905,11481 WELLFLEET DR,FORT MYERS,FL,33908
9906,12 PALMVIEW BLVD,FORT MYERS BEACH,FL,33931
9907,131 CHARLES ST,FORT MYERS,FL,33905
9908,14222 VINDEL CIR,FORT MYERS,FL,33905
9909,1435 CLARET CT,FORT MYERS,FL,33919
9910,17376 ALLENTOWN RD,FORT MYERS,FL,33967
9911,17513 LEBANON RD,FORT MYERS,FL,33967
9912,1806 SW Newport Isles BLVD,Port Saint Lucie,FL,34953
9913,190 SE Caldo ST,Port Saint Lucie,FL,34984
9914,19020 SW Positano WAY,Port Saint Lucie,FL,34986
9915,1912 SE Burgundy LN,Port Saint Lucie,FL,34953
9916,2427 SW PAGE CIR,Port Saint Lucie,FL,34953
9917,316 SW TODD AVE,Port Saint Lucie,FL,34953
9918,3605 CEDAR OAK DR 106,FORT MYERS,FL,33916
9919,3801 N OCEAN SHORE BLVD,PALM COAST,FL,32137
9920,400 CINNAMON BEACH WAY 353,PALM COAST,FL,32137
9921,4521 BAY BEACH LN 121,FORT MYERS BEACH,FL,33931
9922,517 SE FAITH TERR,Port Saint Lucie,FL,34953
9923,5205 NW EDGARTON TERR,Port Saint Lucie,FL,34953
9924,5614/5616 5614/5616 TENTH AVE,FORT MYERS,FL,33907
9925,5722 NW Alcazar TER,Port Saint Lucie,FL,34953
9926,600 NW Whitfield WAY,Port Saint Lucie,FL,34986
9927,7160 BERGAMO WAY 101,FORT MYERS,FL,33966
9928,805 SEA URCHIN CIR,FORT MYERS,FL,33913
9929,8395 LEMON RD,FORT MYERS,FL,33967
9930,9130 BUTTERCUP CT,FORT MYERS,FL,33919
9931,9189 KING RD E,FORT MYERS,FL,33967
9932,932 SW MCCALL RD,Port Saint Lucie,FL,34953
9933,9595 HALYARDS CT 11,FORT MYERS,FL,33919
9934,99 FLEETWOOD DR,PALM COAST,FL,32137
9935,9910 BAVARIA RD,FORT MYERS,FL,33913
9936,11055 CASTLEREAGH ST,FORT MYERS,FL,33913
9937,11991 SW Aventino DR,Port Saint Lucie,FL,34987
9938,1260 SE NAVAJO LN,Port Saint Lucie,FL,34953
9939,1510 ROYAL PALM SQUARE BLVD 106,FORT MYERS,FL,33919
9940,1619 SW Cefalu CIR,Port Saint Lucie,FL,34953
9941,17582 BOAT CLUB DR,FORT MYERS,FL,33908
9942,188 ARENA LAKE DR,PALM COAST,FL,32137
9943,2005 SW DRIFTWOOD ST,Port Saint Lucie,FL,34953
9944,202 SW HOMELAND RD,Port Saint Lucie,FL,34953
9945,2101 SE ERWIN RD,Port Saint Lucie,FL,34953
9946,2765 SW SOMBER RD,Port Saint Lucie,FL,34953
9947,33 PROVIDENCE LN,PALM COAST,FL,32164
9948,3396 MICHIGAN AVE,FORT MYERS,FL,33916
9949,3407 WINKLER AVE 318,FORT MYERS,FL,33916
9950,501 SW Baoy AVE,Port Saint Lucie,FL,34953
9951,5439 CAPBERN CT,FORT MYERS,FL,33919
9952,68 FAIRCASTLE LN,PALM COAST,FL,32137
9953,6851 PATSY DR,FORT MYERS,FL,33905
9954,8270 PATHFINDER LOOP 842,FORT MYERS,FL,33919
9955,8393 ROBIN RD,FORT MYERS,FL,33967
9956,9 WESTFIELD LN,PALM COAST,FL,32164
9957,9163 CYPRESS DR N,FORT MYERS,FL,33967
9958,9225 BELLEZA WAY 205,FORT MYERS,FL,33908
9959,950 SW GWENDOLEN TERR,Port Saint Lucie,FL,34953
9960,1 FERGUSON CT,PALM COAST,FL,32137
9961,10410 WINE PALM RD 5324,FORT MYERS,FL,33966
9962,11041 COLONIAL BLVD,FORT MYERS,FL,33905
9963,1124 SW SWAN LAKE CIR 1404,Port Saint Lucie,FL,34953
9964,11891 PALM BEACH BLVD,FORT MYERS,FL,33905
9965,12675 KENTWOOD AVE,FORT MYERS,FL,33913
9966,13 FARMSWORTH DR,PALM COAST,FL,32137
9967,13 RADNOR PL,PALM COAST,FL,32164
9968,13120 CROSS CREEK BLVD 208,FORT MYERS,FL,33912
9969,1454 CUMBERLAND CT,FORT MYERS,FL,33919
9970,15020 LAKESIDE VIEW DR 301,FORT MYERS,FL,33919
9971,2140 PONCE CIR,FORT MYERS,FL,33905
9972,331 SE VOLTAIR TERR,Port Saint Lucie,FL,34953
9973,3419 WINKLER AVE 523,FORT MYERS,FL,33916
9974,3856 TILBOR CIR,FORT MYERS,FL,33916
9975,3910 LUZON ST,FORT MYERS,FL,33901
9976,4192 BAY BEACH LN PH 3,FORT MYERS BEACH,FL,33931
9977,44 WHITE STAR DR,PALM COAST,FL,32164
9978,5 EISENHOWER PL,PALM COAST,FL,32164
9979,5810 RIVERSIDE LN,FORT MYERS,FL,33919
9980,601 SW Aster RD,Port Saint Lucie,FL,34953
9981,6187 NW GATUN DR,Port Saint Lucie,FL,34953
9982,66 EMERSON DR,PALM COAST,FL,32164
9983,7008 CONSTITUTION BLVD 11,FORT MYERS,FL,33967
9984,702 NE LANFAIR ST,Port Saint Lucie,FL,34953
9985,79 FARRAGUT DR,PALM COAST,FL,32137
9986,1034 SE PROCTOR LN,Port Saint Lucie,FL,34953
9987,116 LONGVIEW WAY N,PALM COAST,FL,32137
9988,11828 FIVE WATERS CIR,FORT MYERS,FL,33913
9989,12 MILWAUKEE AVE,PALM COAST,FL,32137
9990,1261 NW SUN TERRACE CIR 4B,Port Saint Lucie,FL,34953
9991,13 RICHLAND LN,PALM COAST,FL,32164
9992,13071 CROSS CREEK BLVD 414,FORT MYERS,FL,33912
9993,13205 WHITEHAVEN LN 1605,FORT MYERS,FL,33966
9994,16 PLATEAU LN,PALM COAST,FL,32164
9995,1624 PAWNEE ST,FORT MYERS,FL,33916
9996,16269 COCO HAMMOCK WAY 202,FORT MYERS,FL,33908
9997,1719 SW Cannon AVE,Port Saint Lucie,FL,34953
9998,1719 BASELINE CT,FORT MYERS,FL,33905
9999,17811 BERMUDA DUNES DR,FORT MYERS,FL,33967
10000,19681 SUMMERLIN RD 137,FORT MYERS,FL,33908
10001,19856 MADDELENA CIR,FORT MYERS,FL,33967
10002,199 NW Curry ST,Port Saint Lucie,FL,34953
10003,2001 SW MONTERREY LN,Port Saint Lucie,FL,34953
10004,2082 SE OXMOOR TERR,Port Saint Lucie,FL,34953
10005,211 CHARLOTTE AVE,FORT MYERS,FL,33916
10006,2112 SE WILD MEADOW CIR 101,Port Saint Lucie,FL,34953
10007,238 SW Aubudon AVE,Port Saint Lucie,FL,34984
10008,2426 SE ROCK SPRINGS DR,Port Saint Lucie,FL,34953
10009,2472 SW LOQUAT RD,Port Saint Lucie,FL,34953
10010,2557 SE HEMSING ST,Port Saint Lucie,FL,34953
10011,3225 C ST,FORT MYERS,FL,33916
10012,3316 CLEVELAND AVE,FORT MYERS,FL,33901
10013,35 BUFFALO GROVE DR,PALM COAST,FL,32137
10014,3543 AVOCADO DR,FORT MYERS,FL,33901
10015,47 BOTANY LN,PALM COAST,FL,32137
10016,6458 NW FONTANA ST,Port Saint Lucie,FL,34953
10017,689 MAHOGANY RUN,PALM COAST,FL,32137
10018,71 FARRAGUT DR,PALM COAST,FL,32137
10019,831 SE SWEETBAY AVE,Port Saint Lucie,FL,34953
10020,909 SW MCHORD AVE,Port Saint Lucie,FL,34953
10021,9230 BAYBERRY BND 101,FORT MYERS,FL,33908
10022,10010 UNIVERSITY PLAZA DR,FORT MYERS,FL,33913
10023,1093 8TH ST, OKEECHOBEE,FL,34974
10024,11651 MARINO CT 607,FORT MYERS,FL,33908
10025,1263 BLAINE AVE,FORT MYERS,FL,33913
10026,12701 STONE TOWER LOOP,FORT MYERS,FL,33913
10027,1306 SW Cottonwood Cove,Port Saint Lucie,FL,34953
10028,13507 SIESTA PINES CT 102,FORT MYERS,FL,33908
10029,1382 SW PATRICIA AVE,Port Saint Lucie,FL,34953
10030,143 RED MILL DR,PALM COAST,FL,32164
10031,14801 BALD EAGLE DR,FORT MYERS,FL,33912
10032,14817 LAGUNA DR 202,FORT MYERS,FL,33908
10033,15581 CROTON DR,FORT MYERS,FL,33908
10034,1700 PINE VALLEY DR 319,FORT MYERS,FL,33907
10035,171 BARRINGTON DR,PALM COAST,FL,32137
10036,17995 SAN JUAN CT 4,FORT MYERS,FL,33967
10037,1828 PINE VALLEY DR 307,FORT MYERS,FL,33907
10038,1841 SE FAIRFIELD ST,Port Saint Lucie,FL,34953
10039,18581 TAMPA RD,FORT MYERS,FL,33967
10040,216 MANGO ST,FORT MYERS BEACH,FL,33931
10041,24 RICHELIEU LN,PALM COAST,FL,32164
10042,2951 SW ROSETTA ST,Port Saint Lucie,FL,34953
10043,3 WHEELER LN,PALM COAST,FL,32164
10044,32 LONGVIEW WAY N,PALM COAST,FL,32137
10045,551 SW HALIFAX AVE,Port Saint Lucie,FL,34953
10046,6300 SOUTH POINTE BLVD 304,FORT MYERS,FL,33919
10047,642 SW TULIP BLVD,Port Saint Lucie,FL,34953
10048,6442 NW HOPE CT,Port Saint Lucie,FL,34953
10049,6448 NW FONTANA ST,Port Saint Lucie,FL,34953
10050,6453 NW FAYE ST,Port Saint Lucie,FL,34953
10051,6887 SANDTRAP DR,FORT MYERS,FL,33919
10052,6970 MAGNOLIA LN,FORT MYERS,FL,33966
10053,7063 ARMADILLO WAY,FORT MYERS,FL,33967
10054,7487/7489 7487/7489 FIELD RD,FORT MYERS,FL,33967
10055,7540 BRIARCLIFF RD,FORT MYERS,FL,33912
10056,8421 TRILLIUM RD,FORT MYERS,FL,33967
10057,97 LUTHER DR,PALM COAST,FL,32137
10058,10 BUD FIELD DR,PALM COAST,FL,32137
10059,10294 BARBERRY LN,FORT MYERS,FL,33913
10060,12 POINSETTIA DR,FORT MYERS,FL,33905
10061,12071 FAIRWAY POINTE LN,FORT MYERS,FL,33913
10062,1259 GENOA AVE S,FORT MYERS,FL,33913
10063,1285 SW EDINBURGH DR,Port Saint Lucie,FL,34953
10064,14366 VINDEL CIR,FORT MYERS,FL,33905
10065,15 LEARNING LN,PALM COAST,FL,32137
10066,15 PILGRIM DR,PALM COAST,FL,32164
10067,158 MANDALAY RD,FORT MYERS BEACH,FL,33931
10068,17 WALTON PL,PALM COAST,FL,32164
10069,17523 LAUREL GROVE CT,FORT MYERS,FL,33967
10070,19 COLUMBUS CT,PALM COAST,FL,32137
10071,19 FRANCIS LN,PALM COAST,FL,32137
10072,22 WESTFALLS LN,PALM COAST,FL,32164
10073,317 SW Tomoka Springs DR,Port Saint Lucie,FL,34986
10074,37 SAN JOSE DR,PALM COAST,FL,32137
10075,3706 BROADWAY 33,FORT MYERS,FL,33901
10076,3803 HEYBURN ST,FORT MYERS,FL,33905
10077,3885 SW KOCERIK ST,Port Saint Lucie,FL,34953
10078,4141 BAY BEACH LN 482,FORT MYERS BEACH,FL,33931
10079,4158 SW JARMER RD,Port Saint Lucie,FL,34953
10080,53 PILGRIM DR,PALM COAST,FL,32164
10081,5538 WINKLER RD,FORT MYERS,FL,33919
10082,6 LIVE OAK LN,PALM COAST,FL,32137
10083,6420 NW FRIENDLY CIR,Port Saint Lucie,FL,34953
10084,6836 SANDTRAP DR 1,FORT MYERS,FL,33919
10085,9693 SW Royal Poinciana DR,Port Saint Lucie,FL,34982
10086,99 BREEZE HILL LN,PALM COAST,FL,32137
10087,11 WELLWOOD LN,PALM COAST,FL,32164
10088,11 FLOYD CT,PALM COAST,FL,32137
10089,11610 CARAVEL CIR 108,FORT MYERS,FL,33908
10090,12498 RIVERSIDE DR 203,FORT MYERS,FL,33919
10091,12526 FAIRMONT DR,FORT MYERS,FL,33913
10092,13160 KINGS POINT DR 8,FORT MYERS,FL,33919
10093,1365 KINGSWOOD CT,FORT MYERS,FL,33919
10094,138 WHISPERING PINE DR,PALM COAST,FL,32164
10095,14005 MARQUETTE BLVD,FORT MYERS,FL,33905
10096,14019 ALEDO CT,FORT MYERS,FL,33905
10097,14671 LAGUNA DR,FORT MYERS,FL,33908
10098,1562 SE FACULTY CT,Port Saint Lucie,FL,34953
10099,19 ELLWOOD LN,PALM COAST,FL,32164
10100,1918 SW MONTERREY LN,Port Saint Lucie,FL,34953
10101,1941 SW Fanfare ST,Port Saint Lucie,FL,34953
10102,20 RYDING LN,PALM COAST,FL,32164
10103,2281 SE Berkshire BLVD,Port Saint Lucie,FL,34953
10104,2302 DAVIS BLVD,FORT MYERS,FL,33905
10105,2508 SE Anchorage Cove A-3,Port Saint Lucie,FL,34953
10106,269 DRIFTWOOD LN,FORT MYERS BEACH,FL,33931
10107,2919 POWELL ST,FORT MYERS,FL,33901
10108,3 PONY LN,PALM COAST,FL,32164
10109,3 ULTRA PL,PALM COAST,FL,32164
10110,34 PROSPERITY LN,PALM COAST,FL,32164
10111,4480 NW Brownell TER,Port Saint Lucie,FL,34953
10112,5224 CEDARBEND DR 1,FORT MYERS,FL,33919
10113,5590 WOODROSE CT 4,FORT MYERS,FL,33907
10114,5890 NW Pine Trail CIR,Port Saint Lucie,FL,34983
10115,6010 NW Baynard DR,Port Saint Lucie,FL,34953
10116,77 BLARE DR,PALM COAST,FL,32137
10117,825 RUE LABEAU CIR,FORT MYERS,FL,33913
10118,8884 VIA ISOLA CT,FORT MYERS,FL,33966
10119,96 SMITH TRL,PALM COAST,FL,32164
10120,9966 CHIANA CIR,FORT MYERS,FL,33905
10121,10741 SW Stratton DR,Port Saint Lucie,FL,34987
10122,11963 SW Crestwood CIR,Port Saint Lucie,FL,34987
10123,11980 TULIO WAY 2406,FORT MYERS,FL,33912
10124,12058 SW Bennington CIR,Port Saint Lucie,FL,34987
10125,124 SW Peacock BLVD 13-205,Port Saint Lucie,FL,34986
10126,1309 SUNBURY DR,FORT MYERS,FL,33901
10127,13939/941 13939/941 FIRST ST,FORT MYERS,FL,33905
10128,151 SE Rio Angelica,Port Saint Lucie,FL,34984
10129,1630 MARLYN RD,FORT MYERS,FL,33901
10130,17130 WOBEGON DR,FORT MYERS,FL,33913
10131,18 KANKAKEE TRL,PALM COAST,FL,32164
10132,1809 BRAMAN AVE,FORT MYERS,FL,33901
10133,25 RYMEN LN,PALM COAST,FL,32164
10134,2600 CHAMPION RING RD,FORT MYERS,FL,33905
10135,3000 OASIS GRAND BLVD 1406,FORT MYERS,FL,33916
10136,3174 SW PERRINE ST,Port Saint Lucie,FL,34953
10137,34 SEMINOLE AVE,PALM COAST,FL,32137
10138,371 NW Toscane TRL,Port Saint Lucie,FL,34986
10139,504 NW Blue Lake DR,Port Saint Lucie,FL,34986
10140,565 SW RAY AVE,Port Saint Lucie,FL,34953
10141,5660 BALKAN CT,FORT MYERS,FL,33919
10142,5805 NW Beckham CT,Port Saint Lucie,FL,34953
10143,6 FLORAL CT,PALM COAST,FL,32137
10144,6184 MICHELLE WAY 231,FORT MYERS,FL,33919
10145,7240 COOLIDGE RD,FORT MYERS,FL,33967
10146,7903 NW Greenbank CIR,Port Saint Lucie,FL,34987
10147,8 RYALL LN,PALM COAST,FL,32164
10148,8340 CHARTER CLUB CIR 5,FORT MYERS,FL,33919
10149,85 AVENUE DE LA MER 706,PALM COAST,FL,32137
10150,903 SW Bay State RD,Port Saint Lucie,FL,34953
10151,9055 COLBY DR 2208,FORT MYERS,FL,33919
10152,11931 SW Aventino DR,Port Saint Lucie,FL,34987
10153,1357 SE FLORESTA DR,Port Saint Lucie,FL,34953
10154,1473 SW Aragon AVE,Port Saint Lucie,FL,34953
10155,15170 PALM ISLE DR,FORT MYERS,FL,33919
10156,15330 MEADOW CIR,FORT MYERS,FL,33908
10157,15451 N MALLARD LN,FORT MYERS,FL,33913
10158,1589 SE MINORCA AVE,Port Saint Lucie,FL,34953
10159,1744 MAPLE DR,FORT MYERS,FL,33907
10160,1925 SW SYLVESTER LN,Port Saint Lucie,FL,34953
10161,2025 SE PARKWOOD CIR,Port Saint Lucie,FL,34953
10162,2090 W FIRST ST I709,FORT MYERS,FL,33901
10163,2119 GORHAM AVE,FORT MYERS,FL,33907
10164,217 NW Zanzibar PL,Port Saint Lucie,FL,34986
10165,2925 WINKLER AVE 915,FORT MYERS,FL,33916
10166,3496 SW HALE ST,Port Saint Lucie,FL,34953
10167,35 RICHARDSON DR,PALM COAST,FL,32164
10168,35 WHITTINGHAM LN,PALM COAST,FL,32164
10169,362 NW Sunview WAY,Port Saint Lucie,FL,34986
10170,3992 SW Cheribon ST,Port Saint Lucie,FL,34953
10171,4 BLUE OAK LN,PALM COAST,FL,32137
10172,541 SW Badger TER,Port Saint Lucie,FL,34953
10173,6132 NW GAYLORD TERR,Port Saint Lucie,FL,34953
10174,733 SW DUXBURY AVE,Port Saint Lucie,FL,34953
10175,81 WESTROBIN LN,PALM COAST,FL,32164
10176,9 ZERINGTON CT,PALM COAST,FL,32164
10177,1001 SW Deauville AVE,Port Saint Lucie,FL,34953
10178,1016 BAYSHORE AVE,FORT MYERS,FL,33919
10179,1045 SW Coleman AVE,Port Saint Lucie,FL,34953
10180,10539 CURRY PALM LN,FORT MYERS,FL,33966
10181,12 SELBORNE PATH,PALM COAST,FL,32164
10182,13305 LITTLE GEM CIR,FORT MYERS,FL,33913
10183,14 CASPER DR,PALM COAST,FL,32137
10184,15460 BELLAMAR CIR 2711,FORT MYERS,FL,33908
10185,1550 PARK MEADOWS DR 3,FORT MYERS,FL,33907
10186,16560 S OLEANDER DR,FORT MYERS,FL,33908
10187,18245 CONSTITUTION CIR,FORT MYERS,FL,33967
10188,1942 SW Glendale ST,Port Saint Lucie,FL,34953
10189,200 CANOPY WALK LN 222,PALM COAST,FL,32137
10190,2474 SE Blackhorse ST,Port Saint Lucie,FL,34953
10191,2560 ESTERO BLVD 1B,FORT MYERS BEACH,FL,33931
10192,26 BLYTH PL,PALM COAST,FL,32137
10193,2619 SW FAIR ISLE RD,Port Saint Lucie,FL,34953
10194,265 SW STARFLOWER AVE,Port Saint Lucie,FL,34953
10195,2995 LAFAYETTE ST,FORT MYERS,FL,33916
10196,33 FARNELL LN,PALM COAST,FL,32137
10197,3527 N OCEAN SHORE BLVD,PALM COAST,FL,32137
10198,36 PINE CROFT LN,PALM COAST,FL,32164
10199,36 PANEI LN,PALM COAST,FL,32164
10200,38 BURNING EMBER LN,PALM COAST,FL,32137
10201,4342 SW LAGRANGE ST,Port Saint Lucie,FL,34953
10202,4680 LAREDO AVE,FORT MYERS,FL,33905
10203,52 PITTMAN DR,PALM COAST,FL,32164
10204,52 FENWICK LN,PALM COAST,FL,32137
10205,5557 WHISPERING WILLOW WAY,FORT MYERS,FL,33908
10206,666 SE TANNER AVE,Port Saint Lucie,FL,34953
10207,79 LAKE FOREST PL,PALM COAST,FL,32137
10208,10073 LONE CYPRESS ST,FORT MYERS,FL,33966
10209,10495 MATERITA DR,FORT MYERS,FL,33913
10210,108 SECRETARY TRL,PALM COAST,FL,32164
10211,12167 CORCORAN PL,FORT MYERS,FL,33913
10212,13440 SHAWNEE RD,FORT MYERS,FL,33913
10213,1473 SADDLE WOODE DR 7B,FORT MYERS,FL,33919
10214,1654 WHISKEY CREEK DR,FORT MYERS,FL,33919
10215,17468 BRADDOCK RD,FORT MYERS,FL,33967
10216,18 LLOBELL PL,PALM COAST,FL,32164
10217,2212 HARVARD AVE,FORT MYERS,FL,33907
10218,2651 SW OPECHEE AVE,Port Saint Lucie,FL,34953
10219,2797 FIRST ST 502,FORT MYERS,FL,33916
10220,2810 ESTERO BLVD 811,FORT MYERS BEACH,FL,33931
10221,3126 SW Centamino ST,Port Saint Lucie,FL,34953
10222,38 BEACHWAY DR,PALM COAST,FL,32137
10223,38 PINE GROVE DR,PALM COAST,FL,32164
10224,4382 TUSCALOOSA ST,FORT MYERS,FL,33905
10225,502 SE THORNHILL DR,Port Saint Lucie,FL,34953
10226,5217 RICHMOND AVE,FORT MYERS,FL,33905
10227,552 SE NORSEMEN DR,Port Saint Lucie,FL,34953
10228,5531 PALMETTO ST,FORT MYERS BEACH,FL,33931
10229,5601 CHELSEY LN 203,FORT MYERS,FL,33912
10230,602 SW Indian Key DR,Port Saint Lucie,FL,34986
10231,663 PINE ST,FORT MYERS,FL,33916
10232,6638 KESTREL CIR,FORT MYERS,FL,33966
10233,701 SW DUVAL AVE,Port Saint Lucie,FL,34953
10234,7499 SEA ISLAND RD,FORT MYERS,FL,33967
10235,9300 S US HWY 1,Port Saint Lucie,FL,34953
10236,9970 SW Papaya Tree CT,Port Saint Lucie,FL,34987
10237,1 CEDAR POINT DR,PALM COAST,FL,32164
10238,1033 SW JANETTE AVE,Port Saint Lucie,FL,34953
10239,10503 AZZURRA DR,FORT MYERS,FL,33913
10240,11529 SUMMERVIEW WAY,FORT MYERS,FL,33913
10241,12670 CREEKSIDE LN 1,FORT MYERS,FL,33919
10242,127 BROWNSTONE LN,PALM COAST,FL,32137
10243,13542 PALMETTO GROVE DR,FORT MYERS,FL,33905
10244,13789 WOODHAVEN CIR,FORT MYERS,FL,33905
10245,14031 EAGLE RIDGE LAKES DR 202,FORT MYERS,FL,33912
10246,1526 SW MERIDIAN AVE,Port Saint Lucie,FL,34953
10247,17144 PHLOX DR,FORT MYERS,FL,33967
10248,17411 STERLING LAKE DR,FORT MYERS,FL,33967
10249,1764 N MEADOR CT,FORT MYERS,FL,33916
10250,18488 SANDY COVE DR,FORT MYERS,FL,33967
10251,1907 SW South Macedo BLVD A,Port Saint Lucie,FL,34953
10252,1967/1969 1967/1969 PINE DR S,FORT MYERS,FL,33907
10253,19681 SUMMERLIN RD 322,FORT MYERS,FL,33908
10254,2644 SW FAIRGREEN RD,Port Saint Lucie,FL,34953
10255,2819 SW South Calabria CIR,Port Saint Lucie,FL,34953
10256,338 SW PRIMA VISTA BLVD,Port Saint Lucie,FL,34953
10257,39 BRICE LN,PALM COAST,FL,32137
10258,5775 NW ESKIMO CIR,Port Saint Lucie,FL,34953
10259,718 SE Ablett LN,Port Saint Lucie,FL,34953
10260,73 RED MILL DR,PALM COAST,FL,32164
10261,740 ESTERO BLVD A3,FORT MYERS BEACH,FL,33931
10262,8450 CALOOSA RD,FORT MYERS,FL,33967
10263,914 NW SARRIA CT,Port Saint Lucie,FL,34986
10264,9170 BAYBERRY BND 103,FORT MYERS,FL,33908
10265,9535 ROUNDSTONE CIR,FORT MYERS,FL,33967
10266,102 YACHT HARBOR DR 0364,PALM COAST,FL,32137
10267,10602 SW Capraia WAY,Port Saint Lucie,FL,34982
10268,10988 CHERRY LAUREL DR,FORT MYERS,FL,33912
10269,11630 SW Apple Blossom TRL,Port Saint Lucie,FL,34987
10270,1274 SW JACQUELINE AVE,Port Saint Lucie,FL,34953
10271,13091 LAKE MEADOW DR,FORT MYERS,FL,33913
10272,13238 WINSFORD LN,FORT MYERS,FL,33966
10273,13441 LITTLE GEM CIR,FORT MYERS,FL,33913
10274,14461 LAKEWOOD TRACE CT 104,FORT MYERS,FL,33919
10275,1665 SW PLEASANT LN,Port Saint Lucie,FL,34953
10276,18 LEAVER DR,PALM COAST,FL,32137
10277,2018 MARAVILLA CIR,FORT MYERS,FL,33901
10278,204 BEACHWAY DR,PALM COAST,FL,32137
10279,2081 SE Aneci ST,Port Saint Lucie,FL,34953
10280,240 VIRGINIA AVE,FORT MYERS BEACH,FL,33931
10281,2638 SE GRAND DR,Port Saint Lucie,FL,34953
10282,36 UTRILLO PL,PALM COAST,FL,32164
10283,3893 DUNNSTER CT,FORT MYERS,FL,33916
10284,4199 BELLASOL CIR 611,FORT MYERS,FL,33916
10285,42 LANCELOT DR,PALM COAST,FL,32137
10286,425 SW HOMELAND RD,Port Saint Lucie,FL,34953
10287,4581 TRAWLER CT 201,FORT MYERS,FL,33919
10288,46 BECKNER LN,PALM COAST,FL,32137
10289,6119 NW East Deville CIR,Port Saint Lucie,FL,34953
10290,632 SW PAAR DR,Port Saint Lucie,FL,34953
10291,6660 PALMERSTON DR,FORT MYERS,FL,33966
10292,7150 ESTERO BLVD 500,FORT MYERS BEACH,FL,33931
10293,7307 ESTERO BLVD 3208,FORT MYERS BEACH,FL,33931
10294,768 SW Arkansas TER,Port Saint Lucie,FL,34953
10295,80 SURFVIEW DR 217,PALM COAST,FL,32137
10296,8089 EGRET RD,FORT MYERS,FL,33967
10297,10176 AVALON LAKE CIR,FORT MYERS,FL,33913
10298,10360 SW Stephanie WAY 6-207,Port Saint Lucie,FL,34987
10299,11170 SW Hadley ST,Port Saint Lucie,FL,34987
10300,12 BRADMORE LN,PALM COAST,FL,32137
10301,12791 MOSSY BEND CIR,FORT MYERS,FL,33905
10302,13030 NW Copper Creek DR,Port Saint Lucie,FL,34987
10303,14 WELDON WAY,PALM COAST,FL,32137
10304,14500 FARRINGTON WAY 106,FORT MYERS,FL,33912
10305,17 RAINTREE PL,PALM COAST,FL,32164
10306,18 PILLAR LN,PALM COAST,FL,32164
10307,1892 SW GRANT AVE,Port Saint Lucie,FL,34953
10308,217 NE SAGAMORE TERR,Port Saint Lucie,FL,34953
10309,23190 LINDA LEE WAY,FORT MYERS,FL,33913
10310,32 ROCKING HORSE DR,PALM COAST,FL,32164
10311,342 NE Cullman CT,Port Saint Lucie,FL,34953
10312,357 NW HIBISCUS ST,Port Saint Lucie,FL,34953
10313,402 MIRAMAR RD,FORT MYERS,FL,33905
10314,4081 RAINBOW DR,FORT MYERS,FL,33916
10315,4253 BAY BEACH LN A4,FORT MYERS BEACH,FL,33931
10316,5875 BRIGHTWOOD DR,FORT MYERS,FL,33905
10317,6439 ROYAL WOODS DR,FORT MYERS,FL,33908
10318,6500 MAYTREE CIR,FORT MYERS,FL,33905
10319,76 BROOKLYN LN,PALM COAST,FL,32137
10320,88 OCEAN OAKS LN,PALM COAST,FL,32137
10321,8957 BAYTOWNE LOOP,FORT MYERS,FL,33908
10322,9240 BAYBERRY BND 204,FORT MYERS,FL,33908
10323,9465 IVY BROOK RUN 902,FORT MYERS,FL,33913
10324,9916 SW Chadwick DR,Port Saint Lucie,FL,34987
10325,992 SE Brookedge AVE,Port Saint Lucie,FL,34953
10326,10119 COLONIAL COUNTRY CLUB BLVD 1901,FORT MYERS,FL,33913
10327,1012 TROUT ST, OKEECHOBEE,FL,34974
10328,10624 CARENA CIR,FORT MYERS,FL,33913
10329,11583 ONYX CIR,FORT MYERS,FL,33913
10330,12584 FLAMINGO DR,FORT MYERS,FL,33908
10331,1302 SE NAPLES LN,Port Saint Lucie,FL,34983
10332,144 NE FATIMA TERR,Port Saint Lucie,FL,34953
10333,15043 TAMARIND CAY CT 1406,FORT MYERS,FL,33908
10334,16331 WAXWING LN,FORT MYERS,FL,33908
10335,16595 LAKE CIRCLE DR 225,FORT MYERS,FL,33908
10336,17 ZINNIA CT,PALM COAST,FL,32164
10337,18 CLARENDON CT S,PALM COAST,FL,32137
10338,196 BIRD OF PARADISE DR,PALM COAST,FL,32137
10339,19681 SUMMERLIN RD 29,FORT MYERS,FL,33908
10340,202 SW Glen RD,Port Saint Lucie,FL,34953
10341,2189 DUPREE ST,FORT MYERS,FL,33916
10342,2203 HIBISCUS RD,FORT MYERS,FL,33905
10343,2314 SE HARRINGTON AVE,Port Saint Lucie,FL,34953
10344,2350 SW KENT CIR,Port Saint Lucie,FL,34953
10345,238 SW Bridgeport DR,Port Saint Lucie,FL,34953
10346,261 SW LUCERO DR,Port Saint Lucie,FL,34953
10347,3017 SE PRUITT RD,Port Saint Lucie,FL,34953
10348,400 SW Buxton AVE,Port Saint Lucie,FL,34953
10349,46 PATUXENT LN,PALM COAST,FL,32164
10350,461 SW MOLLOY ST,Port Saint Lucie,FL,34953
10351,5150 N OCEAN SHORE BLVD,PALM COAST,FL,32137
10352,5958 NW Baynard DR,Port Saint Lucie,FL,34953
10353,6111 LAKE FRONT DR,FORT MYERS,FL,33908
10354,6112 MONTEGO BAY LOOP,FORT MYERS,FL,33908
10355,8025 CASA PALERMO CIR,FORT MYERS,FL,33966
10356,8724 SOUTH LAKE CIR,FORT MYERS,FL,33908
10357,8868 NEW CASTLE DR,FORT MYERS,FL,33908
10358,9 UNIBERRY PL,PALM COAST,FL,32164
10359,9 POST VIEW DR,PALM COAST,FL,32164
10360,10 BIRCHVIEW PL,PALM COAST,FL,32137
10361,1167 SW Coleman AVE,Port Saint Lucie,FL,34953
10362,11907 SW Aventino DR,Port Saint Lucie,FL,34987
10363,120 S COOPERS HAWK WAY,PALM COAST,FL,32164
10364,12020 ROCK BROOK RUN 1803,FORT MYERS,FL,33913
10365,12080 SUMMERGATE CIR 202,FORT MYERS,FL,33913
10366,1340 SE Bayharbor ST,Port Saint Lucie,FL,34953
10367,13711 NIGHTBIRD DR,FORT MYERS,FL,33908
10368,14029 CASTLE HILL WAY,FORT MYERS,FL,33919
10369,14674 SUMMER ROSE WAY,FORT MYERS,FL,33919
10370,15 FULTON PL,PALM COAST,FL,32137
10371,1561 SE Appamattox TER,Port Saint Lucie,FL,34953
10372,163 ULLIAN TRL,PALM COAST,FL,32164
10373,1740 PINE VALLEY DR 208,FORT MYERS,FL,33907
10374,19651 MARINO LAKE CIR 1802,FORT MYERS,FL,33913
10375,213 NE Camelot DR,Port Saint Lucie,FL,34953
10376,2156 SE HERRON AVE,Port Saint Lucie,FL,34953
10377,28860 BLAISDELL DR, NAPLES,FL,34119
10378,2915 LINCOLN BLVD,FORT MYERS,FL,33916
10379,324 NW Stratford LN,Port Saint Lucie,FL,34983
10380,33 PINE HILL LN,PALM COAST,FL,32164
10381,3707 CLEVELAND AVE,FORT MYERS,FL,33901
10382,4018 PRINCETON ST,FORT MYERS,FL,33901
10383,50 LOUISIANA DR,PALM COAST,FL,32137
10384,5316 NW Acmar CT,Port Saint Lucie,FL,34953
10385,572 SW HALKELL AVE,Port Saint Lucie,FL,34953
10386,5832 NW Begonia AVE,Port Saint Lucie,FL,34953
10387,5842 CRABWOOD CT,FORT MYERS,FL,33919
10388,6014 LANGDON AVE,FORT MYERS,FL,33905
10389,613 NW MARION AVE,Port Saint Lucie,FL,34953
10390,6200 WHISKEY CREEK DR,FORT MYERS,FL,33919
10391,70 WESTCHESTER LN,PALM COAST,FL,32164
10392,7110 PHILIPS CREEK CT,FORT MYERS,FL,33908
10393,7133 LYLE TER 4,FORT MYERS,FL,33907
10394,8351 TRENTWOOD CT,FORT MYERS,FL,33912
10395,8573 FAIRWAY BEND DR,FORT MYERS,FL,33967
10396,941 SW PAAR DR,Port Saint Lucie,FL,34953
10397,10029 HORSE CREEK RD,FORT MYERS,FL,33913
10398,11012 MILL CREEK WAY 2205,FORT MYERS,FL,33913
10399,1112 SE PRESTON LN,Port Saint Lucie,FL,34953
10400,11671 NAVARRO WAY 1605,FORT MYERS,FL,33908
10401,11847 NALDA ST 12304,FORT MYERS,FL,33912
10402,1201 SW SAN ANTONIO AVE,Port Saint Lucie,FL,34953
10403,13 LYTTON LN,PALM COAST,FL,32137
10404,13281 WHITEHAVEN LN 405,FORT MYERS,FL,33966
10405,13902 FIRST ST,FORT MYERS,FL,33905
10406,1500 SE ROYAL GREEN CIR 106,Port Saint Lucie,FL,34953
10407,15051 PUNTA RASSA RD 251,FORT MYERS,FL,33908
10408,153 NW Willow Grove AVE,Port Saint Lucie,FL,34986
10409,17277 ORIOLE RD,FORT MYERS,FL,33967
10410,1779 SW Bellevue AVE,Port Saint Lucie,FL,34953
10411,22 FITZGERALD LN,PALM COAST,FL,32137
10412,2361 SE FLORESTA DR,Port Saint Lucie,FL,34953
10413,2442 IVY AVE,FORT MYERS,FL,33907
10414,2743 FIRST ST 401,FORT MYERS,FL,33916
10415,2918/2924 2918/2924 COCOS AVE,FORT MYERS,FL,33901
10416,38 BARRISTER LN,PALM COAST,FL,32137
10417,4361 BAY BEACH LN 123,FORT MYERS BEACH,FL,33931
10418,5 WOODBURY DR,PALM COAST,FL,32164
10419,5080 PREVATT LN,FORT MYERS,FL,33905
10420,51 HAMMOCK BEACH CIR S,PALM COAST,FL,32137
10421,5558 PALM BEACH BLVD 79,FORT MYERS,FL,33905
10422,5570 WILLIAMS DR,FORT MYERS BEACH,FL,33931
10423,5646 RED BIRD LN,FORT MYERS,FL,33908
10424,600 RANDY LN,FORT MYERS BEACH,FL,33931
10425,6018 THRUSH AVE,FORT MYERS,FL,33905
10426,6644 SWAY DR,FORT MYERS,FL,33919
10427,71 WELLWOOD LN,PALM COAST,FL,32164
10428,7125 LAKERIDGE CT 222,FORT MYERS,FL,33907
10429,7209 LOBELIA RD,FORT MYERS,FL,33967
10430,85 FIELDSTONE LN,PALM COAST,FL,32137
10431,850 SW Canary Terr,Port Saint Lucie,FL,34953
10432,1217 NW Bentley CIR A,Port Saint Lucie,FL,34986
10433,12195 SW Bayberry AVE,Port Saint Lucie,FL,34987
10434,12251 FLINTLOCK LN,FORT MYERS,FL,33912
10435,12340 SW Elsinore DR,Port Saint Lucie,FL,34987
10436,13 WALLA PL,PALM COAST,FL,32164
10437,1338 SW Glastonberry AVE,Port Saint Lucie,FL,34953
10438,14347 MINDELLO DR,FORT MYERS,FL,33905
10439,145 WESTGRILL DR,PALM COAST,FL,32164
10440,14751 HOLE IN ONE CIR 204,FORT MYERS,FL,33919
10441,15110 PORTS OF IONA DR 102,FORT MYERS,FL,33908
10442,16635 LAKE CIRCLE DR 641,FORT MYERS,FL,33908
10443,171 ESTRELLITA DR,FORT MYERS BEACH,FL,33931
10444,19608 CASA VERDE WAY,FORT MYERS,FL,33967
10445,1980 NW Cataluna CIR,Port Saint Lucie,FL,34986
10446,219 SW MOSELLE AVE,Port Saint Lucie,FL,34953
10447,235 TROPICAL SHORES WAY,FORT MYERS BEACH,FL,33931
10448,2640 PARK WINDSOR DR 206,FORT MYERS,FL,33901
10449,28 FREEMAN LN,PALM COAST,FL,32137
10450,33 PONDEROSA LN,PALM COAST,FL,32164
10451,3827 HYDE PARK DR,FORT MYERS,FL,33905
10452,451 SW KABOT AVE,Port Saint Lucie,FL,34953
10453,521 NE SOLIDA CIR,Port Saint Lucie,FL,34953
10454,561 NW HAVEN ST,Port Saint Lucie,FL,34953
10455,5678 EICHEN CIR W,FORT MYERS,FL,33919
10456,5814 NW Argo CT,Port Saint Lucie,FL,34953
10457,615 SW TODD AVE,Port Saint Lucie,FL,34953
10458,7729 BAY LAKE DR,FORT MYERS,FL,33907
10459,8 CONLEY CT,PALM COAST,FL,32137
10460,8 MONTILLA PL,PALM COAST,FL,32137
10461,863 SW St Tropez CT,Port Saint Lucie,FL,34986
10462,9315 CENTRAL PARK DR 104,FORT MYERS,FL,33919
10463,1052 20TH ST, OKEECHOBEE,FL,34974
10464,12348 LITCHFIELD LN,FORT MYERS,FL,33913
10465,13874 WOODHAVEN CIR,FORT MYERS,FL,33905
10466,14751 HOLE IN ONE CIR 205,FORT MYERS,FL,33919
10467,14788 CALUSA PALMS DR 204,FORT MYERS,FL,33919
10468,1505 RANSOM ST,FORT MYERS,FL,33901
10469,15989 MANDOLIN BAY DR 106,FORT MYERS,FL,33908
10470,1700 SW OAKWOOD RD,Port Saint Lucie,FL,34953
10471,1702 PARK MEADOWS DR 4,FORT MYERS,FL,33907
10472,2165 SE EAST DUNBROOKE CIR,Port Saint Lucie,FL,34953
10473,2204 CARACAS CT,FORT MYERS,FL,33907
10474,2222 MORENO AVE,FORT MYERS,FL,33901
10475,2331 UNITY AVE,FORT MYERS,FL,33901
10476,253 EUGENIA AVE,FORT MYERS,FL,33905
10477,2580 SW Bayshore BLVD,Port Saint Lucie,FL,34953
10478,2931 POWELL ST,FORT MYERS,FL,33901
10479,3733 KEMPER ST,FORT MYERS,FL,33905
10480,3917 EDWARDS ST,FORT MYERS,FL,33916
10481,47 SUMMERWIND CIR,PALM COAST,FL,32137
10482,532 NW Mercantile PL 109,Port Saint Lucie,FL,34982
10483,561 NW KINGSTON ST,Port Saint Lucie,FL,34953
10484,6 ELLIS PL,PALM COAST,FL,32164
10485,866 SW RICE AVE,Port Saint Lucie,FL,34953
10486,8678 BRITTANIA DR,FORT MYERS,FL,33912
10487,966 SW Biltmore ST,Port Saint Lucie,FL,34953
10488,10662 PELICAN PRESERVE BLVD A,FORT MYERS,FL,33913
10489,11872 ROSALINDA CT,FORT MYERS,FL,33912
10490,12 MADEIRA CT,PALM COAST,FL,32137
10491,12520 VITTORIA WAY,FORT MYERS,FL,33912
10492,13571 EAGLE RIDGE DR 1324,FORT MYERS,FL,33912
10493,14 WASSERMAN DR,PALM COAST,FL,32164
10494,1538 SE ROYAL GREEN CIR 203,Port Saint Lucie,FL,34953
10495,1540 SW MOCKINGBIRD CIR,Port Saint Lucie,FL,34953
10496,16182 VIA SOLERA CIR 103,FORT MYERS,FL,33908
10497,17179 TERRAVERDE CIR 1,FORT MYERS,FL,33908
10498,17711 HERON LN,FORT MYERS,FL,33908
10499,19 AVENUE DE LA MER 601,PALM COAST,FL,32137
10500,190 ESTERO BLVD 706,FORT MYERS BEACH,FL,33931
10501,1940 SE High Springs DR,Port Saint Lucie,FL,34952
10502,2181 SW LARCHMONT LN,Port Saint Lucie,FL,34953
10503,2201 SW Cree RD,Port Saint Lucie,FL,34953
10504,2361 DOVER AVE,FORT MYERS,FL,33907
10505,2380 SE PATIO CIR,Port Saint Lucie,FL,34953
10506,2404 MCGREGOR PARK CIR,FORT MYERS,FL,33908
10507,2500 SE Anchorage Cove G-3,Port Saint Lucie,FL,34953
10508,275 NW Toscane TRL,Port Saint Lucie,FL,34986
10509,3502 SW MASILUNAS ST,Port Saint Lucie,FL,34953
10510,36 SEVILLE ORANGE PATH,PALM COAST,FL,32164
10511,3915 BROADWAY,FORT MYERS,FL,33901
10512,43 FITZGERALD LN,PALM COAST,FL,32137
10513,52 WOOD ACRE LN,PALM COAST,FL,32164
